0
0
0
0
2
5
8
10
13
14
14
14
12
11
9
7
5
4
2
1
1
0
0
1
1
1
1
1
2
2
2
3
3
3
3
3
3
3
3
3
3
6
11
20
33
51
72
91
103
105
96
77
53
27
5
-11
-23
-28
-28
-23
-17
-10
-5
-1
0
1
2
1
1
1
1
0
0
0
0
0
0
0
0
0
0
0
0
1
1
2
2
3
3
4
4
5
6
7
8
8
9
10
10
11
11
12
12
12
13
14
16
18
20
22
24
27
29
31
34
37
39
42
44
47
49
52
54
55
56
57
57
58
58
57
57
56
54
52
50
47
43
40
36
33
29
26
23
20
17
14
12
10
8
7
5
3
2
1
1
0
0
0