
  -16.7967
  -16.5385
  -16.3945
  -16.4086
  -16.7118
  -17.5145
  -18.6935
  -20.0829
  -21.6595
  -23.3547
  -25.1017
  -26.9000
  -28.6092
  -30.0398
  -31.2653
  -32.3647
  -33.3585
  -34.3206
  -35.2234
  -35.9980
  -36.6946
  -37.3603
  -37.9425
  -38.4415
  -38.7525
  -38.7212
  -38.4390
  -37.9536
  -37.3379
  -36.7603
  -36.0801
  -35.0873
  -33.7996
  -32.2011
  -30.1747
  -27.7440
  -24.6605
  -20.5909
  -15.7667
  -10.3485
   -4.5890
    1.0953
    6.8465
   12.7744
   18.8875
   25.3590
   31.9321
   38.1717
   44.1324
   49.8730
   55.0081
   59.4041
   62.5278
   63.6038
   63.0360
   61.2681
   58.5063
   55.1799
   51.2854
   46.7172
   41.7098
   36.4801
   31.0595
   25.5618
   19.9432
   14.0880
    8.2335
    2.5401
   -2.7615
   -7.3363
  -11.3006
  -14.7945
  -17.8737
  -20.6587
  -23.1427
  -25.3364
  -27.2224
  -28.7982
  -30.1415
  -31.1960
  -32.2318
  -33.5868
  -35.0485
  -36.6151
  -37.9363
  -38.4208
  -38.5637
  -38.8136
  -39.5098
  -41.2052
  -43.7583
  -46.9991
  -50.9424
  -55.2613
  -60.1433
  -66.0316
  -72.0297
  -77.7761
  -83.0371
  -85.4139
  -87.7514
  -93.5557
  -98.5075
 -102.1333
  -97.4072
  -72.5377
  -35.3811
    5.6044
   48.2725
   87.3230
  125.1433
  164.7726
  205.8382
  249.4741
  294.3045
  332.1185
  361.0436
  398.0123
  417.9614
  368.1557
  294.8493
  228.3211
  163.3983
   93.2177
   26.3349
  -44.3182
 -100.2219
 -106.9252
  -88.9760
  -80.2394
  -74.1203
  -64.6861
  -56.5854
  -51.9701
  -50.1984
  -52.4003
  -55.0830
  -52.5594
  -47.5235
  -42.8324
  -38.8472
  -36.9354
  -36.4899
  -36.5320
  -37.0889
  -37.9183
  -38.8716
  -40.0441
  -41.0144
  -41.2187
  -40.9068
  -40.3523
  -39.6384
  -38.9815
  -38.3588
  -37.6582
  -36.9913
  -36.5030
  -36.0904
  -35.6176
  -35.0703
  -34.4049
  -33.5449
  -32.4896
  -31.0926
  -29.1494
  -26.7720
  -24.0782
  -21.1324
  -18.0580
  -14.8542
  -11.4987
   -8.0464
   -4.5437
   -1.0133
    2.5116
    6.0240
    9.5172
   12.9556
   16.3328
   19.5771
   22.6115
   25.4681
   28.1177
   30.6597
   33.2559
   35.7694
   38.1179
   40.1972
   41.7850
   43.0404
   44.2304
   45.3074
   46.2470
   47.2393
   48.3094
   49.7705
   52.0809
   54.9599
   58.1221
   61.3937
   64.4509
   67.3142
   70.0586
   72.5503
   74.7019
   76.4536
   77.6599
   78.3875
   78.7431
   78.5295
   77.6780
   75.9270
   72.8974
   68.8289
   63.9269
   58.4043
   52.6309
   46.5158
   39.9697
   33.0443
   25.6746
   18.0502
   10.5100
    3.0028
   -4.5448
  -11.7910
  -18.5949
  -24.5095
  -28.8813
  -32.0309
  -34.3170
  -35.8872
  -37.0716
  -37.8600
  -38.1486
  -38.1316
  -37.9945
  -37.7292
  -37.4053
  -36.9456
  -36.2019
  -35.3725
  -34.5821
  -34.0227
  -33.9974
  -34.3594
  -34.9322
  -35.6640
  -36.4236
  -37.2026
  -38.0445
  -38.8463
  -39.4978
  -40.0254
  -40.4222
  -40.7366
  -41.0590
  -41.3039
  -41.4128
  -41.3170
  -40.8967
  -40.2204
  -39.3812
  -38.3928
  -37.2963
  -36.1239
  -34.8736
  -33.6196
  -32.4578
  -31.3550
  -30.2817
  -29.2221
  -28.1305
  -27.0361
  -25.9809
  -24.9569
  -23.9674
  -23.0245
  -22.1091
  -21.2696
  -20.5760
  -19.9744
  -19.4339
  -18.9135
  -18.3202
  -17.7218
  -17.2383
  -16.8418
  -16.5053
  -16.3261
  -16.3326
  -16.6552
  -17.5002
  -18.7418
  -20.2148
  -21.8888
  -23.6893
  -25.5481
  -27.4577
  -29.2839
  -30.8463
  -32.2041
  -33.4321
  -34.5305
  -35.5390
  -36.4493
  -37.2121
  -37.8783
  -38.5165
  -39.0589
  -39.4540
  -39.6369
  -39.5088
  -39.0908
  -38.4001
  -37.4350
  -36.2288
  -34.7325
  -32.8717
  -30.6643
  -28.1160
  -25.1895
  -21.9222
  -18.1981
  -13.8735
   -9.0854
   -3.8859
    1.5080
    6.7647
   12.0330
   17.3939
   22.9229
   28.8688
   34.9504
   40.7220
   46.2122
   51.4266
   56.0198
   59.8938
   62.5355
   63.2123
   62.3070
   60.2230
   57.1791
   53.6132
   49.4945
   44.7161
   39.4654
   33.8870
   28.0588
   22.1426
   16.1170
    9.9170
    3.7728
   -2.1849
   -7.6856
  -12.3616
  -16.3475
  -19.7539
  -22.7107
  -25.4506
  -27.8719
  -29.9352
  -31.5397
  -32.5124
  -33.0546
  -33.2989
  -33.4947
  -33.9951
  -34.6944
  -35.5605
  -36.4764
  -37.1979
  -37.9794
  -39.0619
  -40.6649
  -42.9873
  -46.0437
  -50.1079
  -54.7828
  -59.3284
  -64.3588
  -69.9929
  -76.1134
  -84.4395
  -93.0971
  -95.5928
  -95.4891
 -102.7514
 -106.7616
  -92.4977
  -65.9610
  -34.3133
    2.3644
   43.5015
   86.1954
  127.4561
  167.5934
  206.2362
  246.0495
  286.0813
  326.9978
  374.3439
  407.7393
  416.7824
  354.5287
  300.0447
  231.9151
  163.4724
   94.1547
   22.4934
  -37.5395
  -91.3217
 -107.1636
  -96.5959
  -84.8984
  -73.6111
  -66.4492
  -56.8011
  -48.5385
  -43.5125
  -41.0627
  -41.2849
  -42.5671
  -42.1384
  -40.9982
  -40.5083
  -40.2305
  -39.9616
  -39.7945
  -39.6102
  -39.6367
  -40.2144
  -41.0651
  -41.9845
  -42.7376
  -42.9340
  -42.7340
  -42.3262
  -41.7523
  -41.1441
  -40.4648
  -39.6369
  -38.6984
  -37.6887
  -36.5769
  -35.3255
  -33.9304
  -32.3797
  -30.6519
  -28.7534
  -26.6379
  -24.2403
  -21.6081
  -18.7875
  -15.8154
  -12.7528
   -9.6004
   -6.3562
   -3.0411
    0.3354
    3.7439
    7.1458
   10.5331
   13.8918
   17.1937
   20.4399
   23.5650
   26.4954
   29.2666
   31.8665
   34.3766
   36.9332
   39.4285
   41.7891
   43.9471
   45.7416
   47.2852
   48.7905
   50.1907
   51.4219
   52.6620
   53.9463
   55.5407
   57.8533
   60.6209
   63.5513
   66.5130
   69.2539
   71.7377
   74.0037
   75.8773
   77.1854
   77.9326
   78.0761
   77.6774
   76.8476
   75.4431
   73.4792
   70.8735
   66.9441
   61.8645
   58.1738
   51.0621
   45.4616
   39.3641
   32.8190
   25.8135
   18.3297
   10.5673
    2.8865
   -4.7405
  -12.3508
  -19.6022
  -26.3711
  -32.1830
  -36.3512
  -39.2162
  -41.1530
  -42.3266
  -43.0971
  -43.4474
  -43.2656
  -42.7503
  -42.0844
  -41.2709
  -40.3985
  -39.3883
  -38.0889
  -36.7174
  -35.4065
  -34.3725
  -33.9526
  -33.9847
  -34.2756
  -34.7657
  -35.3067
  -35.8927
  -36.5735
  -37.2386
  -37.7716
  -38.1979
  -38.5057
  -38.7469
  -39.0178
  -39.2238
  -39.3016
  -39.1712
  -38.6956
  -37.9527
  -37.0430
  -35.9880
  -34.8428
  -33.6345
  -32.3558
  -31.0815
  -29.9033
  -28.7939
  -27.7361
  -26.7100
  -25.6650
  -24.6422
  -23.6874
  -22.8091
  -22.0354
  -21.3631
  -20.7562
  -20.2542
  -19.9106
  -19.6704
  -19.5050
  -19.3638
  -19.1457
  -18.9155
  -18.7869
  -18.7331
  -18.7306
  -18.8663
  -19.1630
  -19.7391
  -20.7839
  -22.1786
  -23.7637
  -25.5134
  -27.3639
  -29.2414
  -31.1298
  -32.8989
  -34.3685
  -35.5979
  -36.6737
  -37.5818
  -38.3405
  -38.9661
  -39.4237
  -39.7856
  -40.1617
  -40.4607
  -40.5878
  -40.4932
  -40.0898
  -39.3673
  -38.3436
  -36.9619
  -35.1715
  -32.9837
  -30.3843
  -27.4279
  -24.1903
  -20.6286
  -16.7552
  -12.4954
   -7.7353
   -2.6105
    2.7840
    8.2882
   13.6609
   18.9566
   24.2051
   29.3969
   34.6214
   39.7052
   44.3679
   48.6330
   52.5252
   55.8014
   58.3843
   59.9272
   59.9378
   58.6800
   56.4194
   53.3346
   49.7584
   45.6550
   40.9661
   35.7854
   30.1516
   24.1929
   18.0840
   11.8714
    5.6144
   -0.5438
   -6.5529
  -12.1685
  -17.1143
  -21.4702
  -25.1955
  -28.5102
  -31.7651
  -34.6782
  -37.1329
  -38.8287
  -39.2383
  -38.7805
  -37.9189
  -36.8679
  -36.0156
  -35.4299
  -35.0301
  -35.0921
  -35.9303
  -37.4308
  -39.5386
  -42.2101
  -45.0813
  -48.4034
  -52.8820
  -57.8186
  -62.3608
  -67.1942
  -71.9568
  -77.5804
  -86.5328
  -96.2506
 -101.2021
 -101.1688
 -102.6252
  -96.8082
  -65.6151
  -22.9737
    9.4563
   40.1582
   79.7260
  122.2101
  164.0371
  205.1002
  238.8647
  273.1450
  317.4696
  359.3703
  399.9586
  420.1423
  375.3817
  307.2631
  240.0863
  171.9725
   99.7234
   30.3855
  -41.9231
  -99.5919
 -115.5241
 -106.5009
  -90.6796
  -72.6175
  -62.4172
  -57.4915
  -53.7852
  -50.9631
  -46.4058
  -41.5937
  -38.1750
  -36.3586
  -36.7821
  -38.6434
  -41.4681
  -44.0961
  -44.7159
  -44.1466
  -43.1928
  -42.2411
  -42.1579
  -42.5517
  -42.9417
  -43.2611
  -43.2746
  -43.0599
  -42.7244
  -42.2731
  -41.7621
  -41.1318
  -40.3290
  -39.3116
  -38.0058
  -36.4475
  -34.6885
  -32.7352
  -30.6077
  -28.3267
  -25.8997
  -23.3618
  -20.7621
  -18.0939
  -15.3375
  -12.5136
   -9.6410
   -6.7095
   -3.7262
   -0.6739
    2.4880
    5.7129
    8.9337
   12.1493
   15.3484
   18.4871
   21.5650
   24.4949
   27.1613
   29.6284
   31.9365
   34.1526
   36.3996
   38.6136
   40.7310
   42.7475
   44.6019
   46.3442
   48.1108
   49.8148
   51.3451
   52.8613
   54.4108
   56.1982
   58.5588
   61.2597
   64.0206
   66.7510
   69.2705
   71.4987
   73.4448
   74.9075
   75.6529
   75.7374
   75.1939
   74.0875
   72.5449
   70.4862
   67.8738
   64.6295
   60.6345
   56.0079
   50.8208
   45.2347
   39.4978
   33.5279
   27.2814
   20.7417
   13.7743
    6.5832
   -0.5000
   -7.5003
  -14.4392
  -21.0297
  -27.1727
  -32.4628
  -36.3180
  -39.0285
  -40.9061
  -42.1022
  -42.9388
  -43.3887
  -43.3513
  -42.9838
  -42.4168
  -41.6739
  -40.8615
  -39.9119
  -38.7004
  -37.4315
  -36.2218
  -35.2892
  -34.9680
  -35.0958
  -35.4841
  -36.0667
  -36.6864
  -37.3445
  -38.0939
  -38.8314
  -39.4543
  -39.9783
  -40.3773
  -40.7028
  -41.0485
  -41.3123
  -41.4308
  -41.3105
  -40.7955
  -39.9741
  -38.9574
  -37.7737
  -36.4909
  -35.1346
  -33.6936
  -32.2475
  -30.8912
  -29.5999
  -28.3630
  -27.1575
  -25.9271
  -24.7234
  -23.5984
  -22.5709
  -21.6863
  -20.9330
  -20.2627
  -19.7150
  -19.3403
  -19.0781
  -18.8996
  -18.7439
  -18.4951
  -18.2249
  -18.0560
  -17.9618
  -17.9220
  -18.0259
  -18.2939
  -18.8513
  -19.8968
  -21.3049
  -22.9087
  -24.6786
  -26.5448
  -28.4313
  -30.3209
  -32.0806
  -33.5261
  -34.7153
  -35.7356
  -36.5684
  -37.2259
  -37.7282
  -38.0428
  -38.2444
  -38.4513
  -38.5663
  -38.4823
  -38.1571
  -37.5111
  -36.5236
  -35.2159
  -33.5101
  -31.3244
  -28.6976
  -25.6358
  -22.2208
  -18.5724
  -14.6356
  -10.4094
   -5.8256
   -0.7589
    4.6347
   10.2134
   15.8405
   21.3051
   26.6087
   31.7664
   36.6972
   41.3783
   45.7119
   49.4996
   52.8042
   55.7284
   58.0339
   59.6213
   60.2036
   59.3432
   57.2964
   54.3622
   50.6660
   46.4496
   41.7720
   36.6322
   31.2029
   25.6715
   20.0720
   14.4306
    8.8034
    3.2406
   -2.2099
   -7.5213
  -12.5951
  -17.3740
  -21.8281
  -25.7754
  -29.4215
  -33.0473
  -36.3402
  -39.2327
  -41.2880
  -41.7970
  -41.2915
  -40.3030
  -39.1305
  -38.3767
  -37.9654
  -37.5704
  -37.6123
  -38.4355
  -39.8374
  -42.1262
  -44.6046
  -45.9630
  -47.3280
  -49.8067
  -53.5129
  -59.3728
  -66.6807
  -73.3556
  -81.3262
  -91.0048
 -100.3419
 -113.0371
 -118.5109
 -101.3736
  -69.7159
  -30.4346
   11.9457
   47.9681
   82.0243
  118.9510
  157.5622
  202.0691
  248.2370
  280.7750
  311.0425
  357.0072
  394.8275
  415.2563
  365.0053
  311.7145
  239.6943
  168.2395
   96.2849
   25.8803
  -32.5640
  -91.9732
 -114.9127
 -106.3241
  -93.4160
  -77.3041
  -65.1701
  -55.9618
  -50.5703
  -49.2627
  -49.0830
  -44.9247
  -39.3550
  -34.6117
  -31.7190
  -32.8246
  -36.3094
  -40.8864
  -45.0476
  -46.2275
  -45.5833
  -44.3609
  -43.0059
  -42.6081
  -42.7514
  -42.8413
  -42.9208
  -42.8776
  -42.7258
  -42.5002
  -42.1877
  -41.8000
  -41.2553
  -40.5143
  -39.4742
  -37.9734
  -36.0991
  -33.9720
  -31.6061
  -29.0463
  -26.3444
  -23.5081
  -20.6334
  -17.8550
  -15.1251
  -12.3748
   -9.6114
   -6.8216
   -3.9870
   -1.1205
    1.8219
    4.9163
    8.1053
   11.3009
   14.5099
   17.7284
   20.8960
   24.0053
   26.9541
   29.5932
   32.0072
   34.2844
   36.4658
   38.6422
   40.8019
   42.8987
   44.9917
   47.1287
   49.2869
   51.5022
   53.6787
   55.6751
   57.6019
   59.5027
   61.4917
   63.7812
   66.1959
   68.5175
   70.6854
   72.5814
   74.1214
   75.3020
   75.9438
   75.8331
   75.0375
   73.5942
   71.5700
   69.1801
   66.4125
   62.7673
   58.1803
   54.9490
   48.2033
   42.6846
   36.6172
   30.3145
   23.7802
   17.1448
   10.4509
    3.6966
   -3.0051
   -9.4702
  -15.7255
  -21.8214
  -27.5521
  -32.8311
  -37.3936
  -40.8572
  -43.4156
  -45.2685
  -46.5334
  -47.4482
  -47.9790
  -48.0552
  -47.7687
  -47.1746
  -46.3245
  -45.3466
  -44.1947
  -42.7875
  -41.3083
  -39.8519
  -38.6303
  -37.9620
  -37.6967
  -37.6596
  -37.7922
  -37.9512
  -38.1386
  -38.4061
  -38.6578
  -38.7953
  -38.8407
  -38.7820
  -38.6670
  -38.5817
  -38.4432
  -38.1987
  -37.7756
  -37.0510
  -36.0975
  -35.0052
  -33.7996
  -32.5392
  -31.2432
  -29.9018
  -28.5787
  -27.3471
  -26.1903
  -25.1075
  -24.0770
  -23.0492
  -22.0739
  -21.1970
  -20.4421
  -19.8601
  -19.4328
  -19.1060
  -18.9130
  -18.8947
  -18.9906
  -19.1726
  -19.3764
  -19.4843
  -19.5641
  -19.7311
  -19.9592
  -20.2307
  -20.6254
  -21.1582
  -21.9453
  -23.1715
  -24.7165
  -26.4227
  -28.2576
  -30.1498
  -32.0293
  -33.8794
  -35.5774
  -36.9564
  -38.0638
  -38.9749
  -39.6685
  -40.1500
  -40.4380
  -40.5042
  -40.4144
  -40.2767
  -40.0021
  -39.4875
  -38.7034
  -37.5878
  -36.1154
  -34.3099
  -32.0857
  -29.3465
  -26.1528
  -22.5284
  -18.5758
  -14.4471
  -10.0824
   -5.4729
   -0.5607
    4.7817
   10.3857
   16.0736
   21.7328
   27.1867
   32.3889
   37.3381
   41.8956
   45.9439
   49.4518
   52.3014
   54.5819
   56.4489
   57.6885
   58.1982
   57.7539
   55.9908
   53.1487
   49.5230
   45.2171
   40.4264
   35.2504
   29.7192
   24.0308
   18.4200
   12.8917
    7.4289
    2.0817
   -3.1113
   -8.1292
  -12.9641
  -17.5443
  -21.8561
  -25.8672
  -29.3640
  -32.5968
  -35.8966
  -38.9080
  -41.5630
  -43.3613
  -43.4651
  -42.5109
  -41.1635
  -39.6984
  -38.7819
  -38.3371
  -37.8353
  -38.0367
  -39.6063
  -42.0469
  -45.8542
  -49.4471
  -50.3125
  -50.4719
  -51.2183
  -53.8081
  -61.4876
  -71.8264
  -80.1190
  -88.3342
  -97.8516
 -104.8278
 -110.4512
 -106.2469
  -78.8699
  -37.7409
    8.2283
   54.5962
   92.4900
  126.3827
  161.2212
  197.8842
  239.9581
  285.1529
  323.8601
  354.3771
  393.5165
  415.8929
  368.6421
  297.5897
  232.3816
  167.9427
   97.8382
   30.2856
  -42.2654
 -100.6862
 -109.9424
  -94.2445
  -86.7874
  -81.0079
  -71.5850
  -62.4744
  -54.8617
  -49.1318
  -47.2232
  -46.4213
  -42.4917
  -37.6546
  -33.6066
  -31.4130
  -33.1141
  -37.0995
  -42.1563
  -46.7103
  -48.1181
  -47.5666
  -46.3519
  -44.9026
  -44.2954
  -44.1569
  -43.9105
  -43.6586
  -43.3809
  -43.0525
  -42.6550
  -42.1756
  -41.6100
  -40.8653
  -39.9114
  -38.6151
  -36.7671
  -34.4881
  -31.9463
  -29.1575
  -26.1762
  -23.0826
  -19.8903
  -16.7413
  -13.8369
  -11.0960
   -8.4074
   -5.7697
   -3.1476
   -0.5101
    2.1301
    4.8437
    7.7443
   10.7631
   13.7899
   16.8411
   19.9218
   22.9548
   25.9259
   28.7161
   31.1399
   33.3057
   35.3529
   37.3010
   39.2143
   41.1330
   43.0285
   45.0241
   47.2742
   49.6888
   52.2090
   54.7326
   57.0914
   59.3508
   61.5516
   63.7227
   65.9585
   68.1412
   70.1152
   71.8484
   73.2816
   74.3300
   74.9773
   75.0698
   74.4196
   73.0994
   71.1472
   68.6615
   65.8122
   62.5107
   58.7125
   54.3551
   49.3032
   43.7101
   37.7529
   31.5193
   25.1514
   18.7157
   12.2315
    5.8458
   -0.2930
   -6.1687
  -11.7107
  -16.9671
  -22.0395
  -26.7685
  -31.0651
  -34.7667
  -37.6208
  -39.7680
  -41.3705
  -42.4971
  -43.2912
  -43.7681
  -43.9022
  -43.7974
  -43.5544
  -43.1823
  -42.7321
  -42.1703
  -41.4278
  -40.6210
  -39.8185
  -39.1430
  -38.7796
  -38.6416
  -38.6347
  -38.7157
  -38.7876
  -38.8659
  -38.9877
  -39.1098
  -39.2009
  -39.2540
  -39.2279
  -39.1567
  -39.0952
  -38.9681
  -38.7384
  -38.3233
  -37.5899
  -36.6166
  -35.4961
  -34.2595
  -32.9750
  -31.6579
  -30.2943
  -28.9478
  -27.6892
  -26.5041
  -25.3965
  -24.3430
  -23.2914
  -22.2966
  -21.4066
  -20.6499
  -20.0861
  -19.6921
  -19.4062
  -19.2625
  -19.3016
  -19.4583
  -19.7037
  -19.9654
  -20.1137
  -20.2227
  -20.4155
  -20.6677
  -20.9661
  -21.3912
  -21.9540
  -22.7777
  -24.0548
  -25.6593
  -27.4325
  -29.3319
  -31.2707
  -33.1878
  -35.0717
  -36.8056
  -38.2367
  -39.4000
  -40.3506
  -41.0693
  -41.5625
  -41.8342
  -41.8531
  -41.6633
  -41.3415
  -40.8169
  -40.0064
  -38.8918
  -37.4310
  -35.6011
  -33.4278
  -30.8314
  -27.7208
  -24.1664
  -20.1959
  -15.9278
  -11.5373
   -6.9560
   -2.1680
    2.8827
    8.3358
   14.0083
   19.6826
   25.2722
   30.6359
   35.6771
   40.3771
   44.5377
   47.9411
   50.6260
   52.5651
   53.8671
   54.7306
   54.9788
   54.5113
   53.1803
   50.7181
   47.3311
   43.2841
   38.6594
   33.6031
   28.2374
   22.6186
   16.9441
   11.4564
    6.1499
    0.9890
   -3.9819
   -8.7258
  -13.2429
  -17.5566
  -21.5942
  -25.3478
  -28.8099
  -31.7493
  -34.4825
  -37.4446
  -40.2009
  -42.6180
  -44.1689
  -43.9054
  -42.5345
  -40.9273
  -39.2022
  -37.8435
  -37.0127
  -36.2056
  -36.5543
  -39.3256
  -43.5718
  -49.3466
  -54.8614
  -57.0421
  -58.0839
  -59.7135
  -62.3927
  -69.4290
  -78.4889
  -81.3618
  -83.1992
  -95.6425
 -106.2084
  -99.7065
  -78.7945
  -45.7380
   -3.7521
   44.4835
   93.1036
  134.0309
  170.2612
  204.0496
  239.3995
  278.2717
  320.0913
  368.5839
  403.6059
  414.4206
  353.8752
  301.5968
  234.9220
  165.6870
   94.3557
   19.6857
  -42.6522
  -95.5795
 -108.9729
  -95.0394
  -81.0405
  -71.7151
  -68.6555
  -63.7198
  -58.9994
  -53.0940
  -47.1285
  -43.3150
  -40.4457
  -37.0631
  -34.0813
  -31.7923
  -31.0745
  -33.3118
  -37.2409
  -42.0415
  -46.3427
  -47.9300
  -47.7936
  -47.0042
  -45.9322
  -45.4940
  -45.3873
  -45.1286
  -44.8303
  -44.5142
  -44.1428
  -43.6771
  -43.1082
  -42.4287
  -41.5532
  -40.4603
  -39.0233
  -37.0420
  -34.6368
  -31.9778
  -29.0789
  -25.9900
  -22.7981
  -19.5207
  -16.3060
  -13.3652
  -10.6114
   -7.9257
   -5.3030
   -2.7027
   -0.0909
    2.5232
    5.2119
    8.0907
   11.0959
   14.1165
   17.1786
   20.3031
   23.4020
   26.4493
   29.3271
   31.8393
   34.0995
   36.2780
   38.3621
   40.3713
   42.3944
   44.4239
   46.6329
   49.2690
   52.1756
   55.1952
   58.2261
   61.0870
   63.7834
   66.3448
   68.7029
   70.8125
   72.6273
   74.0729
   75.1485
   75.8615
   76.1346
   75.9389
   75.1640
   73.6705
   71.5093
   68.7739
   65.6442
   61.8345
   57.2690
   54.3386
   47.9789
   42.6629
   36.6590
   30.3013
   23.6553
   16.9647
   10.3115
    3.7067
   -2.6378
   -8.4801
  -13.8680
  -18.8133
  -23.3818
  -27.7173
  -31.6906
  -35.2093
  -38.1835
  -40.4511
  -42.1188
  -43.3294
  -44.1160
  -44.5524
  -44.6974
  -44.5620
  -44.2682
  -43.9653
  -43.6256
  -43.2363
  -42.7739
  -42.1757
  -41.5089
  -40.8268
  -40.1811
  -39.6514
  -39.2053
  -38.8125
  -38.4489
  -38.0629
  -37.6774
  -37.3164
  -36.9764
  -36.6729
  -36.3835
  -36.0569
  -35.7152
  -35.3868
  -35.0135
  -34.5752
  -33.9947
  -33.1533
  -32.1223
  -30.9818
  -29.7656
  -28.5428
  -27.3204
  -26.0816
  -24.8776
  -23.7604
  -22.7238
  -21.7828
  -20.9135
  -20.0670
  -19.3001
  -18.6567
  -18.1738
  -17.9228
  -17.8703
  -17.9450
  -18.1730
  -18.5814
  -19.1057
  -19.7191
  -20.3435
  -20.8457
  -21.2960
  -21.8080
  -22.3612
  -22.9504
  -23.6411
  -24.4342
  -25.4405
  -26.8306
  -28.4881
  -30.2741
  -32.1388
  -33.9885
  -35.7792
  -37.5042
  -39.0695
  -40.3599
  -41.3886
  -42.1796
  -42.7154
  -42.9972
  -43.0151
  -42.7408
  -42.1891
  -41.3952
  -40.3162
  -38.8964
  -37.1384
  -35.0339
  -32.5600
  -29.7411
  -26.5069
  -22.7703
  -18.6173
  -14.0914
   -9.3218
   -4.4992
    0.4391
    5.5112
   10.7535
   16.2894
   21.9397
   27.4676
   32.8207
   37.9108
   42.5936
   46.8284
   50.3730
   52.9249
   54.5898
   55.4361
   55.5804
   55.2443
   54.3084
   52.6885
   50.3280
   47.0857
   43.1169
   38.6266
   33.6800
   28.3777
   22.8421
   17.1460
   11.4581
    5.9853
    0.7322
   -4.3197
   -9.1353
  -13.6825
  -17.9559
  -21.9870
  -25.6859
  -29.0168
  -32.0027
  -34.4462
  -36.6900
  -39.1937
  -41.5431
  -43.6446
  -44.9468
  -44.4824
  -43.0012
  -41.3330
  -39.7303
  -38.8630
  -38.7264
  -38.7457
  -39.8723
  -42.9818
  -47.3740
  -53.4791
  -59.2884
  -61.7472
  -63.0362
  -64.2202
  -66.9105
  -75.2300
  -85.9939
  -92.0136
  -94.2120
 -100.2100
  -99.7208
  -74.4784
  -35.8050
   -1.4308
   34.6065
   80.7766
  129.2871
  173.2484
  213.8234
  246.1712
  278.2143
  320.0923
  359.4056
  397.3017
  414.8031
  367.4771
  297.2719
  228.3617
  159.6586
   89.2043
   23.0534
  -45.6941
  -99.8828
 -113.4301
 -103.0233
  -85.9614
  -67.7735
  -59.8027
  -58.2498
  -58.3208
  -58.4918
  -54.0420
  -47.4537
  -41.9234
  -37.3685
  -34.5201
  -33.1969
  -32.5639
  -33.1417
  -35.4662
  -38.7559
  -42.6679
  -46.1424
  -47.5785
  -47.6830
  -47.1933
  -46.4046
  -46.0177
  -45.7964
  -45.3772
  -44.8376
  -44.1848
  -43.4015
  -42.4660
  -41.3861
  -40.1786
  -38.7752
  -37.1569
  -35.2325
  -32.8465
  -30.1057
  -27.1683
  -24.0393
  -20.7473
  -17.3909
  -13.9990
  -10.7227
   -7.7805
   -5.0787
   -2.4902
   -0.0053
    2.4237
    4.8342
    7.2205
    9.6596
   12.2709
   14.9970
   17.7329
   20.5093
   23.3547
   26.1829
   28.9648
   31.5938
   33.8828
   35.9417
   37.9523
   39.8789
   41.7053
   43.5522
   45.4287
   47.5353
   50.1755
   53.1516
   56.2419
   59.3495
   62.2898
   65.0263
   67.5802
   69.8157
   71.5904
   72.9107
   73.7604
   74.1656
   74.1871
   73.7504
   72.8181
   71.3079
   69.1086
   66.2948
   62.9055
   59.0515
   54.9071
   50.4014
   45.5031
   40.1756
   34.2984
   28.0346
   21.6142
   15.0707
    8.4638
    1.9542
   -4.4003
  -10.3526
  -15.5768
  -20.1863
  -24.2853
  -27.9487
  -31.3468
  -34.4012
  -37.0278
  -39.2278
  -40.9609
  -42.2812
  -43.2819
  -43.9626
  -44.3260
  -44.4546
  -44.3906
  -44.2443
  -44.1673
  -44.1170
  -44.0454
  -43.9413
  -43.7607
  -43.5274
  -43.2719
  -42.9967
  -42.7049
  -42.3991
  -42.0965
  -41.7771
  -41.4089
  -41.0267
  -40.6483
  -40.3035
  -40.0543
  -39.8550
  -39.6274
  -39.3859
  -39.1395
  -38.8282
  -38.4399
  -37.8811
  -37.0131
  -35.9178
  -34.6847
  -33.3553
  -32.0131
  -30.6616
  -29.2789
  -27.9201
  -26.6383
  -25.4298
  -24.3164
  -23.2708
  -22.2387
  -21.2862
  -20.4626
  -19.8148
  -19.4307
  -19.2681
  -19.2437
  -19.3836
  -19.7110
  -20.1568
  -20.6955
  -21.2374
  -21.6338
  -21.9634
  -22.3472
  -22.7699
  -23.2374
  -23.8108
  -24.4830
  -25.3700
  -26.6443
  -28.1874
  -29.8686
  -31.6232
  -33.3349
  -34.9798
  -36.5629
  -38.0069
  -39.2322
  -40.2274
  -40.9758
  -41.4667
  -41.7050
  -41.6519
  -41.2739
  -40.5411
  -39.4216
  -37.9131
  -36.0060
  -33.7223
  -31.0914
  -28.0980
  -24.7632
  -21.0427
  -16.8769
  -12.3529
   -7.5154
   -2.4958
    2.5153
    7.5745
   12.6987
   17.9113
   23.3261
   28.7688
   33.9879
   38.9629
   43.6539
   47.8767
   51.5720
   54.4626
   56.1739
   56.8710
   56.7109
   55.8125
   54.4103
   52.4434
   49.8460
   46.6496
   42.8391
   38.5142
   33.8115
   28.7798
   23.4749
   18.0101
   12.4676
    6.9794
    1.7034
   -3.3428
   -8.1522
  -12.7043
  -16.9783
  -20.9544
  -24.6691
  -28.0060
  -30.8821
  -33.3630
  -35.3064
  -37.0691
  -39.1272
  -41.1012
  -42.9222
  -44.0588
  -43.5945
  -42.2602
  -40.8025
  -39.5737
  -39.3112
  -39.9190
  -40.9321
  -42.9543
  -46.3507
  -50.8007
  -56.8632
  -62.8111
  -66.4888
  -69.1458
  -70.7303
  -73.9295
  -81.0607
  -89.6124
 -101.5883
 -107.8960
  -94.8021
  -68.6228
  -35.6929
    1.9800
   38.8905
   77.1227
  119.2684
  162.9037
  209.7435
  256.2800
  288.6031
  317.5881
  360.8422
  395.1236
  411.6831
  357.7010
  301.5935
  227.7120
  154.8870
   82.7138
   14.1671
  -41.1909
  -97.1113
 -116.6263
 -105.6181
  -91.2276
  -73.8451
  -61.4823
  -54.1730
  -51.7515
  -53.7396
  -56.2856
  -52.6227
  -46.0018
  -39.9826
  -35.0245
  -32.8758
  -32.7860
  -33.4322
  -35.0020
  -37.4035
  -40.2352
  -43.4861
  -46.3793
  -47.8393
  -48.3253
  -48.2873
  -47.9501
  -47.8226
  -47.7177
  -47.3719
  -46.8206
  -46.0393
  -45.0370
  -43.8231
  -42.4148
  -40.8461
  -39.0756
  -37.0888
  -34.8439
  -32.2537
  -29.3945
  -26.3896
  -23.2325
  -19.9236
  -16.5616
  -13.1852
   -9.9283
   -6.9896
   -4.2810
   -1.6822
    0.8171
    3.2622
    5.6910
    8.1028
   10.5701
   13.2030
   15.9541
   18.7300
   21.5633
   24.4878
   27.4212
   30.3285
   33.1196
   35.6266
   37.9444
   40.2534
   42.4897
   44.5933
   46.7108
   48.8672
   51.2785
   54.2895
   57.6651
   61.1204
   64.5683
   67.8319
   70.8243
   73.5530
   75.8094
   77.3425
   78.2203
   78.4964
   78.2254
   77.5266
   76.3340
   74.6017
   72.2690
   69.3274
   65.9259
   61.6508
   56.6168
   53.4160
   46.9862
   41.9166
   36.2955
   30.1512
   23.6380
   17.1265
   10.5903
    4.0182
   -2.3846
   -8.5425
  -14.1798
  -18.9107
  -22.8991
  -26.3226
  -29.2600
  -31.8970
  -34.2008
  -36.0972
  -37.6641
  -38.9657
  -40.0097
  -40.8446
  -41.4415
  -41.7428
  -41.8490
  -41.8281
  -41.7774
  -41.8474
  -41.9843
  -42.1117
  -42.2299
  -42.3125
  -42.3469
  -42.3455
  -42.2684
  -42.0534
  -41.7356
  -41.3724
  -40.9526
  -40.4687
  -39.9621
  -39.4432
  -38.9681
  -38.6307
  -38.3734
  -38.1081
  -37.8413
  -37.5649
  -37.2277
  -36.8282
  -36.2736
  -35.4296
  -34.3763
  -33.1972
  -31.9365
  -30.6814
  -29.4297
  -28.1565
  -26.9106
  -25.7340
  -24.6286
  -23.6246
  -22.6935
  -21.7812
  -20.9579
  -20.2721
  -19.7787
  -19.5776
  -19.6183
  -19.8076
  -20.1673
  -20.7123
  -21.3718
  -22.1230
  -22.8679
  -23.4493
  -23.9481
  -24.4832
  -25.0450
  -25.6513
  -26.3512
  -27.1269
  -28.0894
  -29.3983
  -30.9407
  -32.6057
  -34.3139
  -35.9299
  -37.4555
  -38.9076
  -40.2360
  -41.4107
  -42.3896
  -43.1066
  -43.5586
  -43.7524
  -43.6177
  -43.1183
  -42.1716
  -40.6675
  -38.6528
  -36.1725
  -33.2737
  -30.0335
  -26.4434
  -22.5181
  -18.2450
  -13.5969
   -8.6614
   -3.4898
    1.7921
    7.0069
   12.1921
   17.3568
   22.5001
   27.7035
   32.8135
   37.5866
   42.0348
   46.1705
   49.7830
   52.7968
   54.9218
   55.7427
   55.4692
   54.3308
   52.4417
   50.0334
   47.1055
   43.6164
   39.6780
   35.3930
   30.8070
   25.9864
   20.9671
   15.7682
   10.4848
    5.2008
    0.0072
   -4.9965
   -9.7762
  -14.2883
  -18.5353
  -22.5179
  -26.1877
  -29.5801
  -32.5366
  -34.8960
  -36.7850
  -38.1478
  -39.3424
  -40.8620
  -42.3729
  -43.7984
  -44.6935
  -44.2847
  -43.2015
  -42.0736
  -41.2672
  -41.4085
  -42.4345
  -44.1713
  -46.8079
  -50.2366
  -54.5520
  -60.1443
  -66.0178
  -71.6198
  -76.8317
  -79.3604
  -82.0808
  -88.6124
  -94.5479
  -99.2158
  -95.6664
  -72.2092
  -36.4866
    3.1467
   44.7795
   83.5075
  121.5085
  161.4854
  203.1072
  247.5026
  293.0927
  331.6314
  360.9271
  397.4177
  416.3180
  365.2662
  290.5497
  222.5824
  156.3320
   84.9058
   17.1770
  -53.4866
 -108.7962
 -114.5390
  -95.3865
  -85.4581
  -78.1341
  -67.3934
  -58.0060
  -52.2251
  -49.4055
  -50.7392
  -52.6557
  -49.3390
  -43.6282
  -38.4543
  -34.3291
  -32.8670
  -33.3041
  -34.4805
  -36.3542
  -38.5392
  -40.8616
  -43.4499
  -45.7547
  -47.0825
  -47.7070
  -47.8659
  -47.7277
  -47.6554
  -47.4839
  -47.0217
  -46.2490
  -45.0799
  -43.5674
  -41.7765
  -39.7370
  -37.5094
  -35.0865
  -32.4587
  -29.6492
  -26.6596
  -23.5290
  -20.3391
  -17.0685
  -13.6809
  -10.2790
   -6.9160
   -3.7085
   -0.8363
    1.7841
    4.2673
    6.6246
    8.8990
   11.1294
   13.3186
   15.5387
   17.8962
   20.3504
   22.8233
   25.3413
   27.9291
   30.5237
   33.0981
   35.5847
   37.8519
   39.9739
   42.1022
   44.1714
   46.1122
   48.0595
   50.0400
   52.2437
   54.9800
   58.0323
   61.1334
   64.2080
   67.1029
   69.7258
   72.0748
   73.9481
   75.0977
   75.5948
   75.5051
   74.8757
   73.8131
   72.2707
   70.2145
   67.6196
   64.4476
   60.7580
   56.5669
   51.9897
   47.1958
   42.1138
   36.7188
   30.9702
   24.7305
   18.1774
   11.5822
    4.9484
   -1.7051
   -8.1639
  -14.3513
  -19.9591
  -24.5525
  -28.3243
  -31.4875
  -34.1290
  -36.4542
  -38.4406
  -40.0099
  -41.2679
  -42.3139
  -43.1412
  -43.7856
  -44.2079
  -44.3295
  -44.2596
  -44.0762
  -43.8759
  -43.8132
  -43.8294
  -43.8378
  -43.8419
  -43.8191
  -43.7468
  -43.6340
  -43.4276
  -43.0452
  -42.5329
  -41.9594
  -41.3198
  -40.6186
  -39.8962
  -39.1590
  -38.4686
  -37.9228
  -37.4653
  -37.0131
  -36.5699
  -36.1220
  -35.6272
  -35.0892
  -34.4237
  -33.5104
  -32.4223
  -31.2327
  -29.9861
  -28.7672
  -27.5690
  -26.3657
  -25.1975
  -24.0936
  -23.0613
  -22.1389
  -21.2971
  -20.4838
  -19.7713
  -19.2057
  -18.8485
  -18.8094
  -19.0300
  -19.4095
  -19.9647
  -20.7018
  -21.5499
  -22.4887
  -23.4139
  -24.1625
  -24.8162
  -25.4889
  -26.1774
  -26.9118
  -27.7274
  -28.5951
  -29.6190
  -30.9420
  -32.4589
  -34.0820
  -35.7175
  -37.2111
  -38.5924
  -39.8909
  -41.0864
  -42.2028
  -43.1656
  -43.8559
  -44.2789
  -44.4426
  -44.2442
  -43.6452
  -42.5071
  -40.6368
  -38.1336
  -35.0997
  -31.6093
  -27.7918
  -23.6439
  -19.1709
  -14.3941
   -9.3192
   -4.0335
    1.4011
    6.8715
   12.2234
   17.4665
   22.5984
   27.5856
   32.4620
   37.1068
   41.3025
   45.0937
   48.5479
   51.4385
   53.6762
   54.9761
   54.9082
   53.7135
   51.6800
   48.9103
   45.6189
   41.8664
   37.6394
   33.1227
   28.5300
   23.8523
   19.0831
   14.2456
    9.3260
    4.3938
   -0.4723
   -5.2260
   -9.8330
  -14.2428
  -18.3695
  -22.2459
  -25.9029
  -29.2550
  -32.3336
  -34.9281
  -36.7771
  -38.0834
  -38.9004
  -39.5753
  -40.6193
  -41.7494
  -42.8429
  -43.6050
  -43.4852
  -42.9353
  -42.4541
  -42.3062
  -42.8114
  -44.0751
  -46.3513
  -49.4683
  -52.9684
  -57.3458
  -62.6446
  -68.6278
  -76.7830
  -85.3689
  -88.0180
  -88.3225
  -96.3718
 -101.4499
  -88.3165
  -63.0568
  -32.9422
    2.1798
   41.8482
   83.4223
  124.3492
  164.7051
  203.7570
  244.2006
  285.0551
  326.7842
  374.9076
  408.7090
  417.2768
  353.9496
  298.1600
  228.5453
  158.6032
   87.8862
   14.8831
  -46.1406
 -100.1712
 -115.7171
 -104.5019
  -91.9239
  -79.7636
  -71.6892
  -61.0006
  -51.6473
  -45.5249
  -41.9968
  -41.2428
  -41.5967
  -40.2019
  -38.1876
  -36.9768
  -36.2791
  -36.1224
  -36.4665
  -37.0413
  -38.0131
  -39.5917
  -41.4901
  -43.5381
  -45.4074
  -46.6179
  -47.3382
  -47.7213
  -47.8644
  -47.9942
  -47.9686
  -47.6535
  -46.9817
  -45.8182
  -44.2419
  -42.3460
  -40.1705
  -37.7978
  -35.2306
  -32.4557
  -29.5224
  -26.4684
  -23.3171
  -20.1277
  -16.8782
  -13.5267
  -10.1657
   -6.8456
   -3.6693
   -0.7924
    1.8576
    4.3695
    6.7688
    9.1166
   11.4229
   13.6780
   15.9238
   18.2106
   20.5326
   22.8725
   25.2440
   27.6635
   30.1127
   32.5746
   35.0478
   37.5036
   39.9546
   42.4750
   44.9820
   47.3645
   49.7341
   52.1236
   54.6643
   57.5910
   60.7163
   63.7991
   66.7836
   69.5573
   72.0130
   74.1331
   75.7162
   76.5067
   76.5892
   76.0433
   74.9276
   73.3659
   71.2957
   68.7453
   65.7739
   61.8900
   57.1697
   54.0765
   47.7113
   42.8442
   37.5310
   31.8791
   25.8808
   19.5808
   13.0972
    6.6496
    0.2309
   -6.1770
  -12.3526
  -18.2087
  -23.4475
  -27.6360
  -30.9794
  -33.7181
  -35.9307
  -37.8095
  -39.3652
  -40.5357
  -41.4665
  -42.3172
  -43.0506
  -43.6655
  -44.1128
  -44.2891
  -44.2977
  -44.2220
  -44.1351
  -44.1632
  -44.2552
  -44.3306
  -44.3970
  -44.4425
  -44.4371
  -44.3825
  -44.2210
  -43.8644
  -43.3606
  -42.7769
  -42.1148
  -41.3899
  -40.6331
  -39.8459
  -39.0827
  -38.4267
  -37.8333
  -37.2396
  -36.6467
  -36.0399
  -35.3927
  -34.7144
  -33.9422
  -32.9882
  -31.9095
  -30.7584
  -29.5766
  -28.4396
  -27.3339
  -26.2357
  -25.1696
  -24.1433
  -23.1738
  -22.3110
  -21.5270
  -20.7759
  -20.1314
  -19.6352
  -19.3572
  -19.4186
  -19.7525
  -20.2503
  -20.9234
  -21.7678
  -22.7135
  -23.7444
  -24.7502
  -25.5634
  -26.2665
  -26.9669
  -27.6692
  -28.4166
  -29.2297
  -30.0678
  -31.0266
  -32.2290
  -33.5805
  -35.0198
  -36.4387
  -37.6646
  -38.7575
  -39.7601
  -40.6858
  -41.6177
  -42.4465
  -42.9980
  -43.2857
  -43.3182
  -42.9592
  -42.1698
  -40.7523
  -38.4256
  -35.3456
  -31.6737
  -27.5152
  -23.0580
  -18.3011
  -13.2367
   -7.9206
   -2.3893
    3.2684
    8.9724
   14.6293
   20.1177
   25.4081
   30.4806
   35.2575
   39.7028
   43.7434
   47.2109
   50.1814
   52.7801
   54.7789
   56.0776
   56.4192
   55.3918
   53.2511
   50.3231
   46.6941
   42.5487
   38.0046
   33.0799
   28.0188
   23.1289
   18.3529
   13.6177
    8.9362
    4.2676
   -0.3459
   -4.8372
   -9.2005
  -13.4629
  -17.5612
  -21.3680
  -24.9534
  -28.3889
  -31.5454
  -34.4485
  -36.8286
  -38.3086
  -39.1797
  -39.6216
  -39.9613
  -40.7345
  -41.7041
  -42.6557
  -43.5135
  -44.0111
  -44.3605
  -44.9839
  -45.8398
  -46.6609
  -47.9387
  -50.4061
  -53.7823
  -57.8260
  -62.9176
  -68.3026
  -74.8576
  -84.8629
  -95.6523
 -101.7516
 -102.6484
 -104.4229
  -98.5098
  -67.0157
  -23.9686
    8.7799
   39.7152
   79.4613
  122.0240
  163.7801
  204.6083
  238.0409
  271.7797
  315.2098
  356.0272
  395.4192
  414.5097
  369.1234
  300.6834
  233.2696
  165.0290
   92.7841
   23.8391
  -48.5539
 -106.3726
 -120.2198
 -112.3501
 -101.7971