948.5
948.8
948.9
948.8
948.5
947.7
946.5
945.2
943.6
941.9
940.2
938.4
936.8
935.4
934.2
933.2
932.3
931.4
930.6
929.9
929.2
928.6
928
927.5
927.2
927.2
927.5
927.9
928.6
929.2
930.1
931.2
932.6
934.4
936.6
939.2
942.4
946.6
951.5
957
962.8
968.5
974.3
980.3
986.4
993
999.6
1005.9
1011.9
1017.7
1022.9
1027.4
1030.5
1031.6
1031.1
1029.4
1026.7
1023.4
1019.5
1014.9
1010
1004.8
999.4
994
988.4
982.6
976.8
971.1
965.8
961.2
957.2
953.6
950.4
947.5
944.9
942.6
940.7
939
937.7
936.6
935.6
934.2
932.8
931.3
930
929.5
929.4
929.2
928.6
926.8
924.2
920.9
916.9
912.7
908
902.3
896.5
890.6
885.2
882.7
880.1
874.1
868.9
864.7
869.1
894.5
932.5
973.3
1015.6
1054.6
1092.4
1132.1
1173.2
1216.4
1260.8
1298.8
1328.1
1365.8
1386.6
1335.1
1262.2
1195.2
1130.2
1060
993.1
921.7
864.9
858
876.1
885.3
891.9
901.3
909.1
913.5
915.2
913.5
911.6
914.1
918.8
923.2
927
928.9
929.4
929.5
929
928.2
927.3
926.1
925.1
924.9
925.2
925.7
926.4
927
927.6
928.3
928.9
929.5
929.9
930.5
931.1
931.8
932.8
933.9
935.4
937.5
940
942.8
945.9
949.1
952.4
955.8
959.4
962.9
966.5
970
973.6
977.1
980.5
983.9
987.1
990.1
993
995.7
998.2
1000.9
1003.4
1005.8
1007.9
1009.5
1010.8
1012
1013.1
1014.1
1015.1
1016.2
1017.7
1020.1
1023
1026.2
1029.6
1032.7
1035.6
1038.4
1040.9
1043
1044.7
1045.8
1046.4
1046.7
1046.3
1045.3
1043.4
1040.3
1036.3
1030.9
1025.7
1019.8
1013.6
1007
1000
992.6
984.9
977.2
969.6
961.9
954.6
947.7
941.7
937.2
933.9
931.5
929.8
928.6
928.1
926.7
927.5
927.4
927.5
927.7
928.1
928.8
929.5
930.2
930.7
930.7
930.2
929.6
928.8
928
927.2
926.3
925.5
924.8
924.2
923.8
923.5
923.1
922.8
922.7
922.8
923.2
923.9
924.8
925.8
926.9
928.1
929.4
930.6
931.8
933
934.1
935.2
936.3
937.4
938.5
939.6
940.6
941.6
942.5
943.4
944.1
944.7
945.3
945.8
946.4
947.1
947.6
948
948.4
948.6
948.6
948.3
947.5
946.3
944.9
943.2
941.5
939.7
937.8
936.1
934.6
933.3
932.2
931.1
930.2
929.4
928.8
928.2
927.6
927.1
926.7
926.5
926.6
927
927.7
928.7
930
931.6
933.6
935.9
938.6
941.7
945.1
948.9
953.4
958.3
963.6
969.1
974.5
979.8
985.3
990.9
996.9
1002.9
1008.7
1014.1
1019.3
1023.8
1027.6
1030.2
1030.9
1030
1027.9
1024.9
1021.3
1017.2
1012.5
1007.2
1001.7
995.8
989.9
983.8
977.6
971.5
965.5
960
955.3
951.3
947.9
944.9
942.2
939.8
937.7
936.1
935.1
934.5
934.2
934
933.5
932.8
931.9
931
930.3
929.6
928.6
927.1
924.8
921.8
917.7
913.1
908.7
903.9
898.5
892.5
884.2
875.4
873
873.1
865.2
860.4
874.5
901.3
933.5
970.7
1011.7
1054.1
1095.3
1135.5
1174.2
1213.9
1253.7
1294.7
1341
1375.6
1386.2
1323.1
1268.2
1199.2
1130.9
1061.8
989.8
929.5
873.8
858.4
870.4
881.5
893.4
900.8
909.8
917.2
922.2
924.9
924.9
923.8
924.3
925.4
925.9
926.2
926.5
926.6
926.8
926.8
926.1
925.2
924.3
923.4
923.2
923.3
923.6
924
924.5
925.1
925.9
926.7
927.7
928.7
930
931.4
932.9
934.7
936.6
938.7
941.1
943.8
946.7
949.7
952.8
956
959.2
962.6
966
969.4
972.7
976.1
979.4
982.7
985.9
988.9
991.8
994.6
997.1
999.6
1002.1
1004.6
1007
1009.1
1011
1012.6
1014.2
1015.7
1017
1018.3
1019.7
1021.4
1023.8
1026.7
1029.8
1032.8
1035.7
1038.3
1040.7
1042.6
1044
1044.7
1044.9
1044.4
1043.6
1042.1
1040.1
1037.6
1033.5
1028.1
1025.6
1017.5
1012.2
1006.3
999.8
992.8
985.3
977.6
969.9
962.3
954.7
947.4
940.7
934.8
930.6
927.7
925.8
924.6
923.8
923.4
923.5
924
924.6
925.4
926.2
927.1
928.4
929.7
930.9
931.9
932.3
932.2
931.9
931.4
930.8
930.2
929.5
928.8
928.3
927.8
927.5
927.2
926.9
926.7
926.6
926.7
927.1
927.9
928.7
929.8
930.9
932.1
933.3
934.6
935.8
936.9
937.9
938.9
939.9
940.9
941.9
942.7
943.5
944.1
944.7
945.1
945.4
945.7
945.8
945.9
946.1
946.3
946.3
946.4
946.3
946.2
945.9
945.3
944.2
942.8
941.3
939.5
937.7
935.8
934
932.2
930.8
929.7
928.7
927.9
927.2
926.7
926.3
926
925.7
925.4
925.2
925.3
925.7
926.5
927.5
928.9
930.7
933
935.8
938.8
942.2
945.9
949.9
954.4
959.3
964.6
970.1
975.8
981.3
986.8
992.2
997.5
1002.8
1008
1012.7
1017
1020.9
1024.3
1026.9
1028.4
1028.5
1027.2
1025
1021.9
1018.3
1014.2
1009.5
1004.3
998.8
992.9
986.9
980.8
974.6
968.6
962.7
957.1
952.2
947.9
944.1
940.7
937.4
934.5
932
930.2
929.7
930.1
930.9
931.9
932.7
933.2
933.6
933.5
932.6
931.1
929.1
926.4
923.6
920.2
915.7
910.8
906.3
901.5
896.6
890.8
882.2
872.9
867.6
867
864.9
870.2
901.6
944.7
977.4
1008.2
1047.9
1090.5
1132.4
1173.4
1207
1241.1
1285.4
1327.2
1368.2
1389
1342.2
1274.1
1206.4
1138.2
1066.3
997.2
924.3
865.8
850.4
860.3
876
893.4
903.5
908.4
911.9
914.5
919
924
927.5
929.5
929.2
927.4
924.7
922.2
921.6
922.3
923.3
924.2
924.3
924
923.6
923.3
923.3
923.5
923.8
924.2
924.7
925.3
926.1
927.1
928.4
930
931.8
933.9
936.1
938.4
940.9
943.6
946.3
949
951.9
954.8
957.8
960.9
963.9
967.1
970.3
973.6
976.8
980
983.2
986.4
989.5
992.4
995.1
997.5
999.9
1002.1
1004.4
1006.6
1008.7
1010.8
1012.7
1014.5
1016.4
1018.2
1019.8
1021.4
1023.1
1025
1027.4
1030.2
1033
1035.8
1038.4
1040.7
1042.6
1044.1
1044.8
1044.9
1044.3
1043.1
1041.4
1039.2
1036.6
1033.4
1028.8
1024.4
1019
1013.2
1007.3
1001.2
994.8
988.1
981.1
973.8
966.7
959.7
952.7
946.1
939.9
934.6
930.7
927.8
925.9
925
923
923.4
923.1
923.3
923.8
924.5
925.3
926.2
927.4
928.6
929.7
930.6
930.9
930.7
930.2
929.6
928.9
928.2
927.4
926.6
925.9
925.3
924.8
924.4
924
923.7
923.6
923.7
924.1
924.9
926
927.1
928.4
929.8
931.2
932.7
934
935.3
936.6
937.8
939.1
940.3
941.4
942.5
943.3
944.1
944.8
945.3
945.7
945.9
946.1
946.2
946.4
946.7
946.9
946.9
947
946.8
946.6
946
945
943.5
941.9
940.2
938.3
936.4
934.6
932.8
931.4
930.3
929.3
928.5
927.9
927.5
927.2
927.1
926.9
926.7
926.8
927.1
927.7
928.6
929.9
931.6
933.8
936.5
939.7
943.2
946.9
951
955.3
960
965.2
970.7
976.4
982.1
987.7
993.1
998.4
1003.4
1008.1
1012.5
1016.3
1019.6
1022.6
1024.9
1026.4
1027
1026.1
1024
1021.1
1017.3
1013
1008.3
1003.1
997.7
992.2
986.6
981
975.4
969.9
964.5
959.3
954.3
949.6
945.2
941.3
937.8
934.3
931.1
928.2
926.3
925.8
926.3
927.3
928.4
929.2
929.6
930
929.9
929.1
927.8
925.5
923.1
921.7
920.4
917.9
914.2
908.6
901.5
894.9
886.9
877.8
869
855.9
849.8
866.8
898.7
937.9
980.2
1016.4
1050.6
1088
1127.1
1171.2
1216.8
1249.7
1280.9
1326
1364.7
1385.7
1333.6
1279.8
1207.2
1136.1
1064.5
993.5
934.5
873.5
851.5
861.6
873.9
890.3
902.4
911.4
916.7
918.8
919.8
922.9
926.6
929.4
