    4.0649
   -4.4739
   -9.1248
   -3.2165
   -4.1809
   -6.3965
   -3.2593
   -2.6428
   -5.5054
   -5.9875
   -2.4170
   -0.2319
    0.5981
    0.6226
   -1.8066
   -3.5950
   -2.4841
   -1.3000
   -1.0132
   -1.8433
   -1.8860
   -2.3621
   -0.9644
    0.4089
    0.0122
   -0.7629
   -3.1372
   -4.6997
   -4.3152
   -3.7415
   -2.3560
   -2.5269
   -3.1860
   -5.8411
   -6.8726
   -5.0476
   -2.0019
   -2.3987
   -5.5908
   -7.6904
   -5.2551
   -3.0640
   -1.6541
   -2.0508
   -2.1912
   -0.2319
    0.0122
   -1.9958
   -5.3101
   -6.9580
   -4.8950
   -2.6062
   -1.5442
   -2.4292
   -3.8269
   -3.5400
   -3.0762
   -2.6428
   -2.7771
   -2.2583
   -2.7588
   -2.8137
   -2.1057
   -0.2991
    0.9888
    0.8545
    0.8362
    0.1465
   -1.0803
   -1.1169
   -0.7141
   -1.2329
   -2.3254
   -2.6489
   -1.2573
    2.2400
    2.4780
    2.1240
    1.2451
   -0.0427
   -1.3123
   -1.5991
   -0.7568
   -1.8066
   -3.4424
   -0.7874
    2.1423
    0.7813
   -1.9226
   -2.1484
    1.0864
    0.4944
   -2.6856
   -3.9185
   -1.9897
    0.2991
    1.5381
    1.3000
    0.5859
   -0.4639
   -0.4944
    0.5310
    1.5381
    0.1343
   -2.3926
   -3.0396
   -1.1719
    0.6775
    0.5005
   -0.6958
   -0.5249
    0.1465
    1.8250
    0.1709
   -2.3743
   -4.1016
   -3.9612
   -1.8799
   -0.1770
    0.4089
    0.7751
    0.3113
    0.9094
    2.3682
    2.2705
    0.5371
   -0.7751
   -0.6714
   -1.3672
   -2.2522
   -2.7588
   -3.2959
   -2.0325
   -3.3630
   -3.4424
   -1.2146
    0.6836
    1.6296
    2.7832
    3.3997
    1.9043
    0.6897
    1.0498
    0.8362
   -1.0864
   -3.3630
   -2.5024
   -0.0793
    1.8494
    1.7517
   -0.0671
   -1.9897
   -1.7273
   -2.0691
   -2.2522
    0.3967
    2.2095
    2.6489
    1.8494
   -1.3367
   -1.8799
   -1.9775
   -1.2756
   -0.7080
   -0.4944
   -1.3306
   -2.7161
   -3.7720
   -3.9063
   -3.1616
   -2.3804
   -4.1016
   -4.9683
   -4.2236
   -3.8208
   -2.3682
   -1.4893
   -2.5085
   -3.3935
   -2.8381
   -2.1545
   -2.4048
   -3.7781
   -5.4504
   -4.2297
   -0.6958
    1.9836
    1.5381
    0.7141
   -1.5076
   -1.8677
   -1.3855
   -1.6602
   -2.1057
   -1.5686
   -0.8057
    0.8057
    1.5442
   -0.1709
   -1.3733
   -1.1536
   -0.7324
   -0.4150
   -1.1841
   -0.4883
    1.6785
    3.1372
    0.9888
   -1.2756
   -1.2268
         0
   -0.8118
   -0.9888
   -1.3794
   -1.4587
   -2.8503
   -3.5156
   -2.4475
   -0.7629
   -0.2258
    0.2319
    0.9949
    2.8320
    0.4944
   -1.4221
   -0.3052
    1.5503
    1.7639
    1.3794
    1.5381
    1.7822
   -1.2939
   -4.4678
   -4.5227
   -1.5686
    1.2085
    0.9888
    1.0620
    1.9165
    2.9907
    1.0864
   -0.9827
    0.3845
    1.7822
    0.8362
   -1.9592
   -0.8972
    1.9653
    2.4780
   -0.2991
   -3.1921
   -2.9724
   -0.5798
    2.0386
    2.3621
    2.7344
    3.2837
    3.3691
    4.0955
    2.0508
   -0.4089
   -0.7202
    1.2939
    1.6785
    0.2136
    0.6226
    1.6357
    1.2573
   -1.0681
   -3.2165
   -1.8372
   -0.1648
    1.3061
    1.7456
    1.4648
    1.2878
    2.0813
    1.8860
    1.0315
   -1.1231
   -2.8137
   -6.1340
   -6.4941
   -5.5786
   -5.5542
   -4.8218
   -6.0059
   -7.3792
   -7.2510
   -6.0120
   -2.5879
   -1.8005
   -4.3030
   -7.4036
   -6.9153
   -5.0598
   -3.0579
   -1.9775
   -1.3794
   -1.7639
   -4.7058
   -7.4402
   -6.7383
   -4.7485
   -6.0486
   -7.0984
   -5.5176
   -1.9714
   -2.7771
   -9.0149
  -13.5254
  -13.1165
  -10.3760
   -9.2224
   -9.3628
   -9.6863
   -9.5764
   -8.9783
   -7.9224
   -6.5491
   -6.0425
   -7.6294
   -8.6792
  -10.1685
   -9.9426
   -7.3731
   -4.7485
   -5.4993
   -6.1401
   -6.5857
   -8.8989
  -11.8530
  -13.0493
  -10.5469
   -6.5186
   -4.9622
   -6.0730
   -7.5073
   -7.6355
   -7.3914
   -7.6843
   -8.5999
   -7.2205
   -5.0720
   -5.7861
   -6.7078
   -6.0608
   -6.0425
   -6.6650
   -9.2163
   -9.6130
   -6.6467
   -3.8818
   -4.1626
   -7.9224
  -10.3210
  -10.6628
   -9.7046
   -7.9651
   -7.1411
   -7.7820
   -8.0505
   -9.1187
  -10.3088
  -11.4319
  -10.9436
  -10.2966
   -8.9355
   -9.1248
   -9.9426
  -10.5774
  -10.8826
   -9.6802
   -8.4412
   -9.2102
  -10.2783
   -8.7341
  -10.7544
  -13.2874
  -13.0310
   -8.1787
   -3.0579
   -1.9836
   -4.3152
   -6.5979
   -7.0679
   -5.4504
   -3.6194
    0.2808
    2.0874
    2.4780
    1.4038
   -0.0305
   -0.0305
    0.4272
    1.7883
    1.6785
    0.6165
   -0.9460
   -3.0701
   -2.4109
   -1.7090
    0.0916
   -0.5127
   -2.3987
   -1.9287
   -0.3174
    0.2686
   -0.2319
   -2.3010
   -1.7700
   -1.4099
    0.7080
    2.3377
    2.6123
    3.7537
    3.6377
    2.8565
    2.3926
    1.0254
    1.3000
    3.4241
    4.7668
    1.5259
   -1.6663
    0.1099
    4.0832
    6.2744
    6.0303
    2.1606
   -1.9287
   -4.0771
   -3.6865
   -1.5930
   -0.5127
   -1.9714
   -1.2634
    0.0732
   -0.3418
   -1.1414
    0.3540
    1.1719
    2.4780
    2.6245
    2.4841
    5.7922
    7.0740
    5.3040
    3.7659
    2.4353
    2.6367
    3.0273
    5.1147
    6.1829
    7.5073
    9.0393
   10.6873
    9.8084
    5.7861
    2.8198
    3.9734
    5.9448
    6.1523
    4.6875
    4.9805
    8.1787
    9.4727
    6.2683
    3.1982
    2.4719
    5.0171
    7.1838
    8.8623
    6.7566
    3.1433
    1.0193
    1.4465
    2.9602
    3.1677
    2.7527
    3.2227
    3.2715
    3.5156
    2.2278
    0.6531
    0.4578
    1.3367
    3.8940
    4.6448
    1.6602
   -0.1343
    1.6846
    4.9072
    5.9875
    3.5034
    1.9226
    1.0071
    0.0305
   -1.3794
   -3.1494
   -1.3733
    0.6775
    0.7324
   -2.9236
   -7.1411
   -8.0261
   -6.0303
   -3.9307
   -2.9419
   -4.9133
   -8.6670
  -11.4746
  -12.3779
  -11.5723
  -10.5896
  -10.0708
   -9.5398
   -8.9050
   -8.2153
   -8.7219
   -8.6121
   -9.5276
  -11.7310
  -13.6292
  -14.7644
  -13.1470
  -10.5591
  -10.1685
  -10.6262
  -14.1968
  -16.3757
  -17.0044
  -17.1387
  -17.5293
  -19.5129
  -19.2078
  -17.6575
  -18.3472
  -18.1946
  -19.0430
  -21.1792
  -23.7915
  -25.2441
  -24.1821
  -24.6521
  -25.6226
  -27.4048
  -28.5645
  -28.1128
  -26.5991
  -25.2319
  -25.8362
  -26.8372
  -27.3560
  -27.0203
  -25.2319
  -22.3511
  -21.1487
  -20.7397
  -23.5474
  -25.6714
  -24.8718
  -24.3774
  -24.3164
  -25.7019
  -29.9561
  -34.0637
  -37.2803
  -38.6108
  -40.5884
  -42.9993
  -43.4937
  -40.5029
  -36.4319
  -35.0098
  -34.6130
  -33.1787
  -32.7087
  -29.2236
  -26.7273
  -26.1841
  -26.2390
  -28.0701
  -30.4260
  -32.1960
  -28.6438
  -24.7986
  -23.4680
  -25.7263
  -31.3843
  -32.0190
  -28.0396
  -20.1843
  -17.0105
  -21.0144
  -24.6582
  -23.2239
  -18.7439
  -17.2119
  -19.8486
  -21.5820
  -19.7815
  -18.3960
  -18.0908
  -21.9421
  -30.3894
  -36.9507
  -38.2629
  -34.5825
  -29.6753
  -27.3010
  -25.7568
  -22.3389
  -18.4937
  -16.3391
  -17.6941
  -19.1772
  -20.2759
  -18.6157
  -17.9504
  -18.0664
  -19.4092
  -20.9412
  -22.2961
  -22.1802
  -20.7214
  -19.6411
  -22.4243
  -23.5962
  -23.5901
  -23.5413
  -23.9380
  -25.2197
  -27.6062
  -27.9053
  -22.3633
  -12.9456
   -9.7961
  -14.0930
  -20.5505
  -21.6431
  -20.7397
  -22.1069
  -24.8230
  -27.9114
  -26.0132
  -20.5566
  -15.0330
  -13.0981
  -14.2822
  -18.1458
  -19.6533
  -18.1580
  -16.8030
  -16.8030
  -16.3086
  -14.5325
  -13.5742
  -13.0676
  -14.5020
  -17.9688
  -18.3472
  -13.2141
  -11.6150
  -14.0259
  -14.5264
  -11.2976
   -7.8308
   -7.4219
  -10.7483
  -13.0249
  -14.2395
  -16.0217
  -16.4124
  -16.0156
  -16.3696
  -13.9648
  -12.5000
  -12.3108
  -15.3442
  -16.7969
  -15.6677
  -13.5681
  -14.4043
  -16.7542
  -16.1316
  -13.7634
  -13.8306
  -15.5396
  -17.3279
  -17.7368
  -16.2354
  -16.3391
  -18.0176
  -18.7012
  -18.2129
  -18.2861
  -17.0166
  -15.5884
  -15.7410
  -15.8386
  -17.2729
  -17.2974
  -17.0959
  -18.0786
  -17.5232
  -19.0857
  -21.3379
  -21.0144
  -17.9871
  -14.7034
  -15.0452
  -17.1753
  -18.8293
  -19.2261
  -17.8711
  -16.1804
  -17.0105
  -17.6453
  -17.3523
  -15.4846
  -14.5020
  -14.1418
  -14.2700
  -15.7898
  -16.4063
  -13.8062
  -11.4075
   -9.6374
  -10.6018
  -12.1765
  -13.7756
  -15.6433
  -15.9241
  -16.3086
  -15.4053
  -16.3696
  -19.3604
  -18.6096
  -16.5100
  -14.4592
  -15.0696
  -16.5710
  -18.2373
  -19.7998
  -18.8660
  -16.7480
  -17.4072
  -17.8833
  -20.3186
  -23.1934
  -23.7000
  -23.1750
  -20.4712
  -20.0195
  -19.8364
  -20.5139
  -21.7041
  -21.0632
  -20.2942
  -18.3777
  -17.3828
  -17.0349
  -17.8406
  -19.2139
  -18.6279
  -14.9109
  -10.9070
   -9.2712
  -10.8582
  -13.6536
  -14.1724
  -13.5681
  -12.7563
  -13.1165
  -12.8601
  -10.7422
   -9.7595
  -11.5906
  -16.2842
  -19.9585
  -19.2627
  -17.2729
  -15.9424
  -15.8691
  -14.7461
  -13.6658
  -15.1917
  -15.9546
  -16.6687
  -17.1448
  -16.6870
  -16.2292
  -15.5945
  -18.7317
  -20.8984
  -20.3369
  -18.7988
  -17.7612
  -18.2922
  -17.8101
  -17.5354
  -19.1772
  -18.8599
  -17.4683
  -16.0828
  -15.6006
  -15.1733
  -14.8132
  -15.9119
  -18.6401
  -18.8843
  -17.1631
  -16.9922
  -18.4814
  -17.4316
  -14.5386
  -14.7827
  -14.3372
  -12.8662
  -12.6587
  -14.1785
  -16.6504
  -17.6819
  -18.0481
  -16.7114
  -15.4297
  -14.5630
  -12.8052
  -13.2263
  -14.0381
  -14.3005
  -14.7339
  -15.2405
  -17.0654
  -15.8875
  -13.3423
  -12.3169
  -12.0422
  -12.4084
  -11.6333
  -11.8164
  -11.7920
  -11.9934
  -14.1968
  -15.5457
  -12.1887
   -9.3323
   -8.0139
   -9.9243
  -12.6099
  -13.3362
  -13.9343
  -11.4990
   -9.3079
   -8.3130
   -7.7148
   -9.6191
   -9.0698
   -8.9966
   -9.7473
  -10.1868
  -12.9944
  -14.1785
  -13.5925
  -11.7859
   -9.3750
  -10.3577
  -10.0830
  -10.0769
  -10.2234
  -10.1807
   -9.4421
   -9.5886
  -11.1572
  -12.0667
   -9.4238
   -8.2153
   -7.1045
   -7.9407
   -9.9304
  -10.2173
  -12.6282
  -14.7583
  -15.3442
  -13.5925
  -11.2915
  -10.3455
  -11.0352
  -12.6709
  -12.8845
  -13.0249
  -12.6221
  -11.6699
  -11.9568
  -12.0667
  -12.4756
  -14.3982
  -14.7339
  -14.8254
  -14.2517
  -14.1724
  -12.5793
  -10.1257
  -10.8643
  -11.8530
  -13.9465
  -16.2598
  -15.7227
  -16.3208
  -15.6921
  -14.8132
  -14.4714
  -15.1184
  -14.7949
  -12.7319
   -9.8755
  -10.1379
  -10.3943
  -10.7361
  -10.3638
   -9.7778
  -10.4248
  -10.8398
  -12.5977
  -13.4399
  -13.4216
  -12.8601
   -9.5764
   -7.9163
   -7.6721
   -9.4055
   -9.4482
   -7.0801
   -5.4138
   -4.3701
   -4.0527
   -6.4209
   -7.9956
  -12.0850
  -13.6719
  -11.5845
   -9.8999
   -9.2285
  -10.4919
  -10.8887
   -9.8511
  -10.6934
  -11.9751
  -11.5417
  -10.0342
  -10.6201
  -12.7136
  -14.3860
  -13.1042
  -10.7422
  -10.7666
  -10.6750
   -9.4299
   -9.3811
   -8.5388
   -8.5083
   -8.0994
   -8.0444
  -10.4614
   -9.5947
   -5.6946
   -5.7739
   -7.0557
  -10.5347
  -11.7188
  -10.6995
  -12.8296
  -14.4836
  -14.2212
  -12.4756
  -10.6628
  -11.9263
  -12.5183
  -12.6465
  -11.6821
  -11.8774
  -12.8479
  -12.2498
  -11.7188
   -9.5642
   -9.3933
  -12.7197
  -12.9944
  -11.3464
  -10.4187
  -11.0535
  -10.4980
   -9.4421
  -10.7300
  -12.2131
  -10.5713
   -8.5083
   -6.9336
   -9.2590
  -11.7676
  -11.6760
  -10.1501
   -8.3984
   -8.2520
   -8.4717
  -10.6934
  -11.2183
   -7.5989
   -5.0598
   -6.5796
   -8.9600
  -10.7849
   -9.7351
   -8.6304
   -9.7839
  -10.2173
  -12.5671
  -12.6404
  -11.2000
   -9.7290
   -8.7891
   -8.8562
   -9.1675
   -9.9365
   -9.0698
   -7.2449
   -8.0505
   -8.0994
   -8.5999
   -8.5571
   -8.0444
   -8.1360
   -8.5815
   -9.7351
   -9.8938
  -10.3088
   -9.5337
   -8.7280
  -10.0098
  -10.2417
   -9.7900
   -9.3933
  -10.2295
  -12.3047
  -12.3413
  -10.7849
  -11.8591
  -13.7817
  -14.2944
  -11.4380
   -9.6069
   -9.3323
   -9.7168
  -10.5164
  -10.5896
  -10.3149
   -8.8135
   -7.6782
   -7.5561
   -8.0322
   -8.0505
   -7.7576
   -7.8918
   -7.2205
   -3.7293
   -0.9155
   -0.3967
   -0.0549
    1.4710
    3.8635
    3.8696
    3.2715
    3.4302
    2.1545
    1.8433
    2.0508
    3.6621
    5.7617
    5.7251
    4.6875
    3.5034
    1.4587
   -0.0183
   -1.2512
    0.8118
    3.7964
    4.3335
    2.1851
   -1.3367
   -3.7415
   -3.1006
   -1.5259
   -0.6714
   -0.4700
   -1.1780
   -3.2532
   -8.1604
  -11.0413
  -11.5173
  -10.3821
   -7.8613
   -5.6030
   -4.0405
   -4.7363
   -7.5134
   -9.4116
   -8.8867
   -5.6457
   -3.4668
   -3.7842
   -6.0364
   -9.0088
  -11.9141
  -16.9312
  -20.3857
  -21.6614
  -21.9788
  -21.3440
  -20.7397
  -21.4355
  -20.7153
  -19.5496
  -20.1294
  -22.8577
  -23.8770
  -23.2788
  -24.1028
  -23.6206
  -23.1140
  -24.2126
  -23.6450
  -23.9502
  -25.7935
  -28.2715
  -29.0588
  -28.7292
  -29.1077
  -29.1687
  -30.6335
  -31.7139
  -32.9346
  -35.8337
  -37.3901
  -38.7390
  -39.8438
  -38.8184
  -38.8855
  -39.1418
  -41.0217
  -42.9871
  -41.4673
  -39.2944
  -39.0930
  -41.2659
  -42.0715
  -39.7217
  -38.3667
  -38.7756
  -43.3350
  -46.9238
  -43.3044
  -37.2803
  -32.6904
  -34.6863
  -37.5977
  -35.8582
  -34.4360
  -34.2346
  -33.4412
  -31.4270
  -30.9448
  -33.5999
  -33.9172
  -31.5002
  -26.9592
  -24.4629
  -26.5747
  -27.2766
  -28.3081
  -28.6072
  -28.4302
  -29.6570
  -30.2734
  -28.2532
  -24.0906
  -22.4365
  -24.7925
  -24.5056
  -24.6155
  -25.1709
  -24.7314
  -23.6389
  -24.2798
  -26.5198
  -28.6255
  -28.4058
  -29.3396
  -28.3813
  -25.9155
  -25.5249
  -26.3977
  -28.7903
  -29.1504
  -29.9072
  -31.3416
  -29.8401
  -26.5869
  -25.8850
  -28.9490
  -30.7922
  -29.5837
  -27.0874
  -25.5310
  -26.3733
  -25.1953
  -24.2554
  -25.8911
  -24.0662
  -23.0713
  -23.3154
  -22.3389
  -21.2891
  -21.1914
  -22.6868
  -23.3643
  -22.4670
  -23.8098
  -24.0601
  -25.2563
  -26.4465
  -27.2461
  -29.1321
  -27.0081
  -24.6704
  -21.0327
  -16.7603
  -15.9912
  -15.8875
  -16.4734
  -17.5476
  -16.8213
  -15.0024
  -12.9517
  -13.5193
  -14.8254
  -15.1917
  -15.4358
  -14.9109
  -16.6687
  -16.0950
  -13.1104
  -11.2000
  -11.5601
  -13.7207
  -15.9363
  -16.8579
  -18.2739
  -17.3584
  -16.9861
  -17.8284
  -17.7307
  -18.3289
  -15.8020
  -14.8560
  -15.2771
  -16.3818
  -19.2688
  -14.8438
   -7.8735
   -4.4067
   -5.4993
   -6.8481
   -6.3782
   -5.6580
   -6.5430
   -6.2683
   -5.9998
   -4.4006
   -5.0293
   -6.4392
   -7.4829
   -8.7891
   -9.1553
  -10.2478
   -9.3872
   -8.1177
   -8.7341
   -7.5684
   -6.7566
   -7.6477
   -9.5947
  -11.0291
  -10.3333
   -9.2102
   -7.8857
   -7.2449
   -8.3069
   -6.9763
   -8.0200
   -7.9285
   -5.3894
   -4.3640
   -4.1748
   -5.8533
   -6.8481
   -4.6448
   -3.7781
   -1.8005
   -0.6104
   -0.2014
   -0.8484
   -0.9216
    0.1648
    0.9277
    2.0935
    1.7273
   -1.2085
   -1.5137
    1.2451
    3.3752
    5.0415
    4.1443
    5.4871
    8.1299
   10.0159
   10.6018
    9.3262
    8.1299
    4.9255
    0.8118
   -1.7273
   -4.0894
   -4.2603
   -4.3945
   -5.0232
   -5.4260
   -9.9670
  -11.7065
  -11.1694
   -9.9609
   -8.2581
   -9.1370
  -12.2437
  -13.9832
  -12.9578
  -10.0525
   -8.1177
   -7.5867
   -8.6365
   -9.2224
   -6.3965
   -1.4771
    1.7273
    0.0061
   -1.0437
   -0.5981
   -0.5371
    0.5737
    2.0508
    4.9622
    6.9397
    6.6528
    5.0110
    3.2532
    3.5400
    5.4077
    5.6396
    3.8513
   -0.5066
   -1.1780
    1.4893
    1.5808
    0.3662
   -1.1841
   -1.0620
    0.1892
   -1.6419
   -1.1902
   -0.0183
   -1.0315
   -1.2268
    0.2991
    2.7466
    3.4241
    1.8555
    2.1240
    2.3621
    4.1504
    5.0232
    5.2612
    5.7190
    6.6589
    6.1768
    3.8574
    2.7771
    4.1565
    3.6804
    3.9490
    4.5410
    3.6804
    3.7659
    4.4006
    4.7607
    5.5115
    4.4922
    3.7537
    3.7964
    5.3284
    3.7293
    2.6184
    3.6499
    5.0049
    6.5613
    6.2439
    6.9580
    7.7759
    4.2603
    1.9165
    0.1770
   -0.4578
    0.8301
   -0.2441
   -1.6296
   -2.8320
   -2.6856
   -1.7456
   -3.9612
   -5.0171
   -5.7007
   -7.4707
   -8.6548
  -10.1013
  -10.5164
   -9.9915
  -10.0586
  -10.9375
  -14.4897
  -14.7095
  -14.6423
  -14.4287
  -14.1846
  -16.3818
  -17.6392
  -17.5537
  -16.2842
  -15.1245
  -17.3096
  -18.2129
  -17.7734
  -16.4856
  -13.4277
   -9.6313
   -7.5623
   -7.3975
   -4.4800
    0.1892
   -0.3296
   -3.7476
   -6.0608
   -4.1260
   -2.2400
   -4.6021
   -7.4036
   -8.1360
   -5.7068
   -2.6733
   -3.6316
   -5.0964
   -8.9416
  -11.3586
  -10.1013
   -8.0566
   -8.5022
  -10.4919
  -10.7544
   -8.9111
   -8.1909
   -9.5581
  -12.8296
  -15.3076
  -14.4043
  -11.9202
  -11.9751
  -14.7461
  -17.4011
  -15.6921
  -13.1348
  -10.1563
   -9.9854
   -9.4604
   -8.2336
   -8.9783
   -8.9722
   -8.9600
   -9.8572
   -9.5886
  -10.3577
   -8.0994
   -7.3242
   -8.2886
   -8.0261
   -8.2581
   -9.6191
  -11.9263
  -12.2864
  -10.2661
  -11.7859
  -13.2568
  -13.8611
  -14.7522
  -13.6047
  -10.7056
   -7.6172
   -6.5491
   -7.3181
   -6.3538
   -6.2256
   -5.4443
   -4.0405
   -2.6306
   -0.4639
    0.5188
    0.0488
   -1.9104
   -3.1311
   -4.1809
   -6.9519
   -6.8298
   -7.1228
   -8.2703
   -7.1899
   -9.1248
  -11.5479
  -13.1775
  -13.5254
  -11.0718
  -11.6394
  -10.8276
   -9.5581
   -9.7107
  -11.0046
  -12.6648
  -11.8835
   -9.0820
   -7.1167
   -3.7903
   -3.3935
   -3.1616
   -6.9031
  -11.5540
  -12.1460
  -10.7422
   -8.3862
   -7.8674
   -6.4453
   -3.5583
   -3.1982
   -3.5583
   -3.6438
   -3.5767
   -3.7720
   -3.1189
   -3.1067
   -4.4678
   -3.8452
   -2.2278
   -5.6396
   -6.9641
   -5.7007
   -3.2227
    1.0071
    0.9338
   -0.1404
    1.4404
    4.2419
    6.4941
    6.9702
    6.2683
    3.8940
    1.0620
    1.6113
    2.3987
    1.0986
    0.2930
   -2.4597
   -2.8870
   -3.5156
   -4.4311
   -6.9824
   -9.1492
   -7.2510
   -4.9927
   -3.2104
   -5.6702
   -9.3567
   -8.8928
   -7.0129
   -3.7720
   -0.6775
   -2.6550
   -4.1931
   -3.1921
   -0.3235
    2.1973
    2.7954
    4.1626
    5.4627
    8.9661
   10.8093
   10.5042
   12.0728
   14.0503
   16.9861
   21.4355
   25.2869
   25.4944
   22.8882
   22.4121
   21.7468
   20.4346
   19.7510
   19.8975
   20.8008
   23.1628
   24.2188
   23.2422
   18.5120
   17.0593
   18.4814
   21.0632
   21.7957
   20.4041
   19.2993
   18.7683
   16.0706
   16.9189
   15.4297
   15.8447
   16.9495
   15.9729
   14.8621
   15.6433
   16.9312
   17.3828
   17.5171
   18.1458
   18.0237
   17.7490
   14.9353
   11.9751
   10.8154
    8.2031
    7.0435
    7.2327
    8.2398
   10.4919
    8.0444
    5.9875
    2.9053
   -0.7507
   -2.5330
   -4.2786
   -4.9133
   -5.0110
   -5.7434
   -7.4707
   -9.9060
   -7.2815
   -7.8796
   -8.7036
   -7.6355
   -8.1055
   -5.0415
   -2.4963
   -1.7700
    1.5564
   -0.2441
    0.2625
    0.1587
   -2.6550
   -6.5796
   -7.5867
   -7.8979
   -4.0832
   -0.9277
    1.7578
   -0.5920
   -3.3691
   -6.3965
   -9.4238
   -9.9121
   -9.6374
  -10.7666
  -12.9089
  -14.4104
  -13.6658
  -13.0127
  -11.3892
  -11.0229
  -12.1582
  -13.5193
  -15.8752
  -22.2351
  -28.3386
  -36.7493
  -40.7959
  -48.2117
  -52.5696
  -58.1543
  -63.5559
  -60.9863
  -60.5774
  -58.2336
  -52.8259
  -48.3948
  -50.0854
  -59.6619
  -68.6096
  -74.2432
  -76.1597
  -78.3325
  -81.1340
  -80.4565
  -79.2175
  -76.3794
  -71.2708
  -65.8386
  -60.2966
  -54.3762
  -53.3630
  -51.5747
  -50.5798
  -46.5759
  -42.2485
  -38.0493
  -36.2305
  -37.9089
  -37.8845
  -36.6882
  -41.4429
  -41.7786
  -39.5142
  -39.2090
  -39.6545
  -44.9158
  -47.0703
  -42.7612
  -36.1633
  -27.9785
  -28.3142
  -24.4690
  -16.3330
  -11.5784
   -8.7707
  -11.5112
   -8.2459
   -4.5349
   -3.5095
   -8.5877
  -11.5479
   -8.3130
   -9.5032
   -9.6069
   -8.5693
   -5.9021
   -0.9583
   -0.2747
   -2.9114
   -3.5828
   -0.1892
   -1.4038
    2.3865
    5.0110
    2.0569
    3.5278
    3.6255
    0.1465
   -6.8115
  -14.0137
  -19.4031
  -17.6941
  -17.3767
  -20.6665
  -21.2524
  -18.6951
  -18.0969
  -14.1602
  -13.9648
  -14.5691
  -18.4998
  -21.5027
  -28.0640
  -31.6772
  -32.4036
  -32.2876
  -31.1035
  -32.8125
  -36.9202
  -38.9465
  -44.0857
  -43.1702
  -40.1794
  -37.5732
  -37.5671
  -37.4451
  -36.5906
  -34.5154
  -32.5317
  -28.0640
  -25.7935
  -27.0020
  -28.9917
  -32.1167
  -35.8093
  -36.1145
  -35.6812
  -35.3882
  -32.4524
  -26.5930
  -24.9634
  -23.8708
  -22.6990
  -25.6714
  -30.3162
  -39.2212
  -46.8201
  -50.8972
  -54.0344
  -63.4460
  -68.3350
  -71.3867
  -75.3418
  -76.9226
  -77.1484
  -74.1028
  -78.0090
  -83.9417
  -84.8511
  -87.2620
  -86.5417
  -82.5989
  -81.1646
  -79.8523
  -82.4036
  -80.7129
  -78.9001
  -77.8503
  -78.2898
  -78.6194
  -76.0864
  -70.9656
  -70.2148
  -70.2271
  -71.9116
  -71.7163
  -71.4417
  -70.3247
  -67.3645
  -64.3982
  -62.8723
  -60.2844
  -56.4209
  -53.2043
  -51.5137
  -48.9807
  -44.4885
  -47.2595
  -47.0642
  -47.0093
  -45.5566
  -39.8865
  -37.0056
  -36.3708
  -39.4287
  -41.8518
  -39.8804
  -42.8589
  -45.7825
  -45.4529
  -41.6016
  -37.4817
  -39.2700
  -40.9790
  -38.1348
  -37.0605
  -33.6914
  -30.2490
  -26.7212
  -24.2798
  -25.5615
  -20.9839
  -15.8081
  -16.2415
  -18.9026
  -17.8101
  -13.3789
  -12.7197
  -13.2446
  -11.1084
  -10.6873
   -6.8481
   -5.0720
   -6.9092
   -6.0486
   -4.1565
    1.6968
    3.2410
    0.5493
   -1.1902
    0.6836
    6.3049
    5.6885
    4.0710
    2.9785
    5.2490
    9.3384
    7.9407
   10.4187
   13.9832
   13.9404
   14.6240
   15.6433
   16.3391
   17.6331
   20.3552
   20.8740
   21.8750
   22.6868
   22.6807
   21.6003
   23.1445
   25.4578
   26.4404
   28.8513
   28.1799
   29.0222
   28.3997
   26.8127
   24.1211
   22.0825
   24.6216
   29.6265
   31.8298
   34.3750
   33.7402
   33.5571
   35.8521
   39.0198
   44.1956
   46.4050
   45.2026
   47.0215
   48.0286
   47.2900
   45.0684
   44.9463
   45.2393
   45.3552
   43.6462
   40.4907
   40.0879
   41.2537
   42.4622
   45.1477
   45.7703
   46.6248
   46.1853
   44.6411
   45.1782
   45.6299
   47.6135
   50.7263
   50.8484
   51.1841
   49.9390
   47.9431
   44.3237
   41.9800
   40.2222
   37.8418
   36.7004
   35.6262
   32.1838
   28.6621
   29.1687
   32.1472
   32.2083
   29.0527
   25.1221
   22.9187
   22.6929
   19.2627
   16.1560
   16.0461
   15.4175
   15.5334
   15.2161
   14.4653
   12.9639
    7.4524
    5.9448
    5.3284
    4.2114
    1.4099
   -0.9644
   -1.5320
   -2.1728
   -1.4465
   -2.7588
   -5.5481
   -7.5378
   -8.6487
  -11.7310
  -13.0676
  -12.2375
  -11.4746
  -12.4329
  -15.2649
  -17.0959
  -17.6147
  -15.9668
  -11.5906
  -10.8215
  -10.2112
   -6.8604
   -2.4414
   -1.2207
   -4.1016
   -5.0781
   -3.2165
    0.7263
   -0.6104
   -4.4189
   -2.8259
    0.1404
    0.6348
   -1.4954
   -6.9031
   -9.9793
  -12.3291
  -13.7512
  -13.7939
  -14.1968
  -13.2080
  -10.7239
   -8.4900
   -8.6975
   -9.0515
  -11.8530
  -15.4236
  -17.5232
  -18.7195
  -18.9026
  -16.2598
  -15.3748
  -15.2649
  -18.0176
  -18.4692
  -17.8345
  -16.5955
  -13.7634
  -11.9385
  -10.4553
   -9.4604
   -7.3731
   -4.4678
   -6.4575
   -9.6680
  -11.7004
  -13.4644
  -14.1846
  -15.8691
  -20.4834
  -23.0957
  -22.2229
  -17.6453
  -14.4470
  -13.7756
  -15.1245
  -18.7378
  -20.0073
  -19.8425
  -17.8040
  -12.9578
   -7.2632
   -4.7302
   -2.3315
    0.4150
    4.1138
    4.6570
    4.7119
    5.2795
    8.0566
   11.8286
   13.8428
   14.5447
   14.9902
   14.8254
   15.1184
   15.6311
   16.6931
   17.9810
   17.5720
   17.7429
   20.3430
   25.8301
   30.8777
   32.3059
   30.3467
   27.9236
   29.5898
   30.9631
   29.8035
   31.0242
   35.5286
   41.4246
   47.8577
   50.4272
   49.6826
   47.1252
   48.2239
   48.6633
   45.4163
   43.7744
   43.4998
   42.4866
   40.7227
   39.4714
   38.8672
   34.8328
   30.5847
   29.2664
   27.5269
   26.3367
   24.2004
   23.2117
   22.9248
   22.6929
   22.5647
   20.0134
   18.3044
   19.2566
   20.1965
   21.3745
   21.4844
   21.6614
   24.5178
   26.9531
   30.3101
   30.8655
   30.6458
   30.1758
   28.4363
   27.7222
   26.9714
   25.0183
   23.8037
   23.1323
   22.1436
   21.6919
   22.9919
   23.8586
   23.3704
   23.6694
   22.1863
   21.9360
   24.1089
   25.7874
   26.7761
   25.1465
   25.2136
   29.3640
   29.6143
   28.2959
   24.4263
   20.2698
   17.3218
   16.4124
   14.8071
   10.5957
    7.5073
    4.7485
    1.7273
   -2.0630
   -8.9844
  -18.8416
  -28.7415
  -33.4229
  -32.8552
  -32.5317
  -35.4004
  -40.0757
  -42.4927
  -41.8457
  -39.0930
  -35.9009
  -32.9102
  -30.7007
  -32.4890
  -36.0413
  -37.5671
  -38.9160
  -40.2588
  -41.0339
  -43.0847
  -46.0327
  -49.8230
  -50.1160
  -53.1921
  -58.0811
  -62.7869
  -68.2007
  -69.6960
  -69.1284
  -74.7437
  -79.1077
  -79.4434
  -77.3315
  -77.1545
  -77.2095
  -73.9685
  -71.3928
  -73.3398
  -78.4729
  -80.3955
  -79.3579
  -75.6348
  -66.4063
  -56.7688
  -56.7932
  -64.4165
  -78.1799
  -87.5122
  -86.8469
  -81.3599
  -76.1230
  -75.6226
  -76.1597
  -78.5767
  -79.0405
  -77.7283
  -79.9500
  -83.6914
  -85.4492
  -84.4910
  -83.0444
  -83.6182
  -85.0769
  -86.9080
  -88.5376
  -88.4827
  -90.9302
  -92.0776
  -90.5334
  -88.9160
  -87.5671
  -87.2803
  -84.4421
  -81.9092
  -82.9407
  -86.4746
  -88.8916
  -89.1846
  -88.9404
  -88.4399
  -87.9272
  -90.4236
  -91.2720
  -94.4275
  -96.0754
  -96.5942
 -100.7260
 -102.1670
 -101.0740
  -97.8455
  -95.7825
 -102.1360
 -108.8380
 -113.4830
 -112.0420
 -108.2460
 -106.4090
 -105.1330
 -106.6040
 -108.9050
 -109.2590
 -106.1890
  -97.8943
  -92.8589
  -93.0176
  -94.7998
  -95.4468
  -94.4702
  -93.8599
  -94.7754
  -95.2698
  -94.2810
  -91.6565
  -90.5212
  -90.5151
  -88.9893
  -88.0005
  -89.2029
  -91.4551
  -88.9038
  -84.7595
  -85.8337
  -87.5000
  -88.5620
  -87.9761
  -87.1704
  -86.5662
  -83.5999
  -80.9509
  -77.9968
  -77.0325
  -77.4658
  -78.0884
  -80.8960
  -84.5459
  -86.4441
  -84.7473
  -83.9172
  -83.6975
  -84.1736
  -83.5693
  -81.5369
  -80.9082
  -79.9805
  -78.8147
  -77.0081
  -75.4028
  -75.3845
  -75.8972
  -74.7498
  -75.3540
  -74.6826
  -73.7305
  -74.3408
  -75.4333
  -75.9644
  -75.9766
  -75.8728
  -76.7212
  -76.6846
  -76.6296
  -77.4902
  -76.1902
  -71.0083
  -66.7542
  -64.5752
  -60.6445
  -57.3242
  -56.5735
  -56.2439
  -52.5085
  -48.9929
  -44.0613
  -42.1082
  -42.3584
  -43.5547
  -45.4041
  -46.9116
  -44.1528
  -39.1602
  -38.3667
  -42.3279
  -43.1763
  -44.4946
  -45.7458
  -46.2341
  -47.2351
  -48.6084
  -51.1780
  -51.3245
  -50.2747
  -51.2756
  -53.8757
  -56.0791
  -54.7058
  -50.7324
  -50.8240
  -54.1870
  -55.8167
  -53.1189
  -51.0071
  -52.8381
  -56.1523
  -59.5825
  -61.1633
  -62.0605
  -60.9436
  -58.0383
  -57.0129
  -55.8533
  -55.4993
  -55.3467
  -53.5522
  -53.1982
  -52.0935
  -50.9583
  -49.3652
  -49.4873
  -50.3479
  -52.0325
  -55.0110
  -53.8452
  -50.4395
  -49.9878
  -51.6296
  -53.6621
  -55.4688
  -55.3833
  -54.6814
  -53.3813
  -52.3071
  -54.9194
  -52.3560
  -48.8586
  -46.9177
  -45.1477
  -44.9646
  -43.7378
  -40.9485
  -39.4836
  -39.7156
  -39.0625
  -37.8052
  -38.1592
  -38.9282
  -39.8376
  -40.3809
  -41.5344
  -41.2476
  -37.7075
  -37.0117
  -38.4338
  -39.2822
  -38.9771
  -37.0605
  -37.6587
  -38.2507
  -37.1826
  -35.3333
  -32.8003
  -30.6519
  -29.0771
  -27.8564
  -29.1992
  -30.1147
  -27.1484
  -23.5535
  -22.9065
  -22.8027
  -21.8628
  -20.5872
  -20.0134
  -22.1497
  -25.4089
  -26.4526
  -24.0723
  -21.9421
  -25.2563
  -28.8269
  -30.1575
  -25.6836
  -21.5576
  -21.4417
  -23.9258
  -21.8567
  -16.5283
  -13.8123
  -17.8528
  -24.4446
  -23.8098
  -21.9299
  -31.3477
  -43.1091
  -46.9971
  -40.7715
  -34.9243
  -39.9353
  -46.8628
  -42.8772
  -37.4451
  -39.1357
  -42.8955
  -43.4631
  -44.0247
  -46.6858
  -49.2432
  -48.7854
  -48.6511
  -50.1587
  -51.4099
  -54.6692
  -54.9011
  -51.7639
  -50.4395
  -47.9431
  -45.1172
  -44.7144
  -47.8577
  -50.4639
  -49.6216
  -46.9910
  -44.7449
  -44.9829
  -47.6501
  -50.1648
  -51.1353
  -51.5930
  -53.0396
  -54.6143
  -56.2317
  -56.2439
  -51.9409
  -45.9290
  -43.0725
  -43.1519
  -44.7693
  -41.8823
  -38.2751
  -35.1440
  -31.3477
  -30.6152
  -27.0935
  -27.6611
  -41.2415
  -61.1938
  -73.1628
  -72.4792
  -70.6177
  -77.7039
  -91.9861
 -108.2400
 -116.4310
 -126.2150
 -141.0520
 -140.0270
 -134.2470
 -136.4810
 -136.5720
 -135.8700
 -142.7000
 -150.4940
 -147.6380
 -145.0560
 -164.8190
 -173.0220
 -168.2010
 -173.0100
 -172.2780
 -167.0040
 -172.7420
 -184.5340
 -182.4890
 -181.0000
 -189.0320
 -188.4280
 -186.0110
 -192.5050
 -195.0680
 -191.1070
 -190.7230
 -192.9630
 -191.6560
 -190.6490
 -192.3460
 -191.9010
 -190.7840
 -191.0340
 -190.8750
 -190.5820
 -189.6420
 -189.7090
 -190.0390
 -189.0140
 -188.4890
 -188.0430
 -187.7260
 -186.9690
 -186.6940
 -187.8910
 -186.5910
 -185.4310
 -186.0350
 -182.8190
 -180.2610
 -180.5050
 -180.1390
 -175.4270
 -173.5170
 -176.7700
 -169.4460
 -161.4380
 -164.3620
 -164.0690
 -158.9230
 -157.0500
 -160.4860
 -157.6110
 -154.1930
 -158.2030
 -156.2070
 -152.8440
 -154.6810
 -153.6500
 -151.6850
 -150.8790
 -152.4540
 -148.6390
 -144.8670
 -148.5170
 -148.2730
 -146.6800
 -147.4670
 -146.1430
 -145.1110
 -144.6410
 -146.7350
 -147.3270
 -146.0390
 -147.4240
 -146.7770
 -147.2600
 -147.6750
 -147.1370
 -149.8350
 -149.4020
 -149.5120
 -150.8610
 -150.3660
 -150.6590
 -147.5520
 -146.1910
 -146.6860
 -142.9810
 -138.1650
 -136.6520
 -139.3740
 -135.5220
 -130.3040
 -132.6780
 -130.1450
 -126.8190
 -127.4660
 -125.9090
 -123.1200
 -119.3910
 -117.2420
 -111.4320
 -106.3780
 -106.7140
 -103.9180
 -100.8360
  -99.6704
  -96.8689
  -94.8364
  -92.6941
  -91.0889
  -89.1663
  -91.4673
  -95.3186
  -93.8293
  -91.6748
  -90.9119
  -89.1907
  -89.5935
  -89.6057
  -91.5344
  -92.7429
  -93.3167
  -94.9463
  -96.5637
  -99.0479
 -100.2560
 -100.8000
 -102.6550
 -100.3050
  -96.9482
  -93.6829
  -95.3918
  -98.5474
  -97.8638
  -97.1191
  -93.3289
  -89.3066
  -87.3047
  -84.7961
  -83.1055
  -80.1453
  -79.5837
  -81.3110
  -79.5227
  -77.1973
  -75.2686
  -71.2402
  -68.7134
  -68.5059
  -67.8650
  -64.6423
  -62.5366
  -61.3403
  -60.1685
  -60.0281
  -57.9956
  -54.2236
  -52.0691
  -51.6846
  -54.2175
  -52.7710
  -48.6389
  -44.1223
  -39.6179
  -38.8611
  -38.4155
  -37.8601
  -37.2681
  -34.7961
  -32.3730
  -28.8208
  -28.0579
  -26.5869
  -23.5352
  -22.4670
  -22.0459
  -21.1365
  -19.2566
  -15.4785
  -12.1643
   -9.3079
   -7.5134
   -6.8054
   -5.7678
   -4.3823
   -1.6113
    0.5005
    2.9724
    6.9031
    9.5337
   13.2874
   16.2964
   18.9026
   19.6655
   22.2961
   27.6123
   31.4453
   33.6365
   35.8582
   40.0513
   45.7703
   49.8596
   56.8420
   61.0291
   63.2080
   67.4744
   70.4529
   72.6013
   76.5137
   81.0669
   84.8572
   88.5681
   95.3674
   98.2788
  100.3850
  106.1220
  108.7400
  109.9550
  109.9490
  111.2980
  112.3960
  108.9050
  107.5990
  106.3480
  105.4260
  105.8900
  103.2780
  101.1780
   99.0967
   98.5291
   99.7986
   98.4741
   97.4731
   96.0388
   95.9412
   97.6929
   98.7915
  100.8910
  101.5440
  102.9110
  105.1940
  104.4620
  103.4000
  101.4100
  101.2820
  103.3870
  102.4780
  101.7150
   98.8892
   95.5750
   94.6411
   91.8762
   91.8640
   91.5283
   89.9597
   89.1296
   89.7156
   92.5110
   93.5791
   95.3918
   95.9229
   94.0186
   95.5566
   95.4102
   93.5913
   92.3828
   90.0269
   87.2559
   81.7749
   76.9165
   75.0183
   72.0337
   71.2097
   71.9421
   73.4924
   72.1497
   69.0552
   67.4927
   67.6514
   68.9697
   68.3777
   66.2476
   65.9668
   63.9282
   63.0554
   61.3037
   59.6680
   58.7402
   55.7922
   56.1890
   58.5449
   59.7961
   60.4065
   59.1492
   59.6191
   59.6863
   58.5022
   57.9468
   55.1697
   54.3640
   53.9917
   52.9724
   53.2837
   50.2197
   47.5281
   43.0359
   40.0146
   37.6709
   34.9121
   32.8979
   31.9397
   28.8696
   25.7324
   24.8474
   25.9766
   25.6470
   21.3623
   15.8569
   11.5417
   11.4075
   11.4136
    6.2927
    0.1892
   -3.2776
   -8.0017
  -14.5691
  -22.3083
  -27.3071
  -28.5522
  -32.4036
  -37.6648
  -40.6372
  -38.1104
  -32.0862
  -28.1677
  -27.0081
  -27.3865
  -30.4321
  -32.9956
  -33.5999
  -31.9702
  -31.9153
  -33.9417
  -35.8337
  -38.5620
  -39.4653
  -40.6921
  -46.4233
  -48.9807
  -48.4863
  -45.0073
  -42.0837
  -41.3513
  -38.7512
  -38.1409
  -39.0625
  -40.6982
  -42.1753
  -41.6138
  -42.5415
  -41.3635
  -37.4268
  -33.1726
  -30.1758
  -32.9956
  -35.8398
  -40.4541
  -46.0754
  -48.8037
  -50.1343
  -51.8372
  -56.5063
  -59.0759
  -55.2979
  -47.8333
  -49.5178
  -65.5273
  -79.9011
  -77.8137
  -67.7795
  -62.9517
  -68.7622
  -75.6165
  -74.6643
  -73.7427
  -75.2319
  -73.3521
  -71.2097
  -70.0195
  -69.4214
  -70.2515
  -72.3022
  -72.4243
  -68.0420
  -63.5986
  -60.7605
  -61.7493
  -63.9526
  -66.2109
  -69.3298
  -65.9790
  -59.0881
  -53.1006
  -49.5544
  -51.7700
  -51.7883
  -51.1353
  -50.6287
  -48.1750
  -48.1689
  -49.1882
  -45.9473
  -41.9495
  -38.9893
  -43.5547
  -53.0640
  -56.6772
  -54.1870
  -50.1526
  -47.5891
  -45.1538
  -44.8425
  -45.9229
  -43.8904
  -41.4734
  -36.8652
  -34.4727
  -35.0830
  -36.1023
  -39.0686
  -42.4683
  -43.6768
  -43.6951
  -46.4966
  -51.0437
  -54.5715
  -56.6650
  -59.8633
  -59.5581
  -57.0801
  -55.9326
  -60.0159
  -68.3533
  -73.6267
  -75.3357
  -73.1079
  -71.3989
  -71.9238
  -70.6482
  -71.0938
  -73.4253
  -76.6968
  -80.8594
  -82.3059
  -80.6763
  -76.5808
  -72.2778
  -72.5891
  -74.7986
  -75.0916
  -74.7192
  -77.3865
  -79.2664
  -75.1526
  -71.8689
  -70.6238
  -72.0154
  -76.4038
  -79.2419
  -81.1096
  -82.1716
  -81.1279
  -80.2307
  -79.0222
  -79.6814
  -81.0974
  -82.0129
  -83.0261
  -83.5632
  -85.8521
  -85.2173
  -83.8684
  -82.8735
  -80.5359
  -80.4199
  -80.8533
  -80.4443
  -80.7312
  -77.2766
  -75.0000
  -75.2930
  -78.0151
  -80.3772
  -76.9592
  -76.0132
  -77.0386
  -76.1047
  -75.1709
  -72.4487
  -72.8210
  -76.4160
  -79.3030
  -78.3813
  -70.7275
  -63.4216
  -57.2510
  -56.3843
  -59.7656
  -60.1379
  -59.3628
  -59.9854
  -62.9211
  -63.8000
  -57.5989
  -51.4221
  -47.0703
  -42.7063
  -41.5588
  -42.7063
  -46.4844
  -48.8953
  -48.8159
  -46.0815
  -44.0796
  -44.4580
  -43.8904
  -41.1804
  -41.0889
  -40.6616
  -38.8855
  -40.4907
  -44.3176
  -47.4670
  -38.7878
  -29.5959
  -28.5034
  -31.8054
  -29.1443
  -22.8699
  -18.0603
  -19.2688
  -23.7854
  -28.2349
  -38.5681
  -39.0381
  -30.6946
  -41.2109
  -61.1938
  -64.4043
  -44.4702
  -27.7100
  -34.1858
  -46.4050
  -46.9788
  -42.9382
  -42.3828
  -42.9749
  -46.0022
  -54.2236
  -63.4216
  -66.9739
  -66.3635
  -66.4185
  -65.9729
  -65.0146
  -59.8450
  -56.5002
  -60.3577
  -65.7349
  -76.9287
  -89.9414
 -102.9480
 -118.2130
 -119.8970
 -113.6600
 -106.2560
 -108.4230
 -125.2440
 -133.6360
 -138.8430
 -157.1720
 -166.0710
 -159.7350
 -153.6680
 -158.9900
 -159.8140
 -159.0390
 -167.8280
 -167.0170
 -165.8020
 -173.6630
 -176.4770
 -173.6020
 -175.5550
 -181.7630
 -180.0840
 -185.5100
 -196.4110
 -193.7620
 -190.3500
 -195.5380
 -196.1120
 -193.0180
 -196.5580
 -198.8830
 -195.7400
 -195.6970
 -197.8820
 -196.9120
 -195.8440
 -197.0090
 -197.1920
 -196.2520
 -196.6000
 -197.1070
 -196.6000
 -195.7700
 -195.8800
 -196.0750
 -195.5380
 -194.8490
 -195.0620
 -195.3190
 -193.9640
 -193.8600
 -194.5310
 -190.6560
 -187.5920
 -188.3240
 -186.8770
 -181.5490
 -181.0120
 -184.2770
 -178.2170
 -174.3710
 -177.2950
 -168.0970
 -154.5290
 -154.0040
 -156.4090
 -142.4740
 -133.2340
 -135.3700
 -125.5620
 -118.0050
 -125.8420
 -132.3910
 -134.8750
 -135.4980
 -140.1120
 -144.8490
 -146.5270
 -149.9880
 -156.9950
 -164.4960
 -162.5730
 -160.6750
 -166.5710
 -164.8800
 -161.8350
 -160.6260
 -159.4910
 -161.2920
 -162.0540
 -164.2760
 -163.8180
 -159.3810
 -158.6550
 -157.5010
 -156.6590
 -152.0510
 -149.0050
 -151.9590
 -148.5600
 -145.5440
 -146.1490
 -142.7310
 -138.7510
 -135.5650
 -134.0210
 -126.4040
 -120.8310
 -123.6570
 -123.3950
 -123.1810
 -123.3640
 -119.3790
 -117.1810
 -115.0330
 -113.4950
 -109.3020
 -104.1200
 -102.2400
  -96.8872
  -93.9392
  -91.1194
  -82.8857
  -77.2461
  -75.1770
  -75.0366
  -71.0266
  -69.5190
  -72.4182
  -73.8281
  -76.1353
  -78.7781
  -79.3823
  -80.0293
  -79.3030
  -81.1218
  -83.9050
  -86.6333
  -89.4470
  -90.5884
  -91.0217
  -90.8813
  -91.0095
  -93.6829
  -92.9932
  -91.0217
  -91.2109
  -91.7664
  -90.8691
  -88.5376
  -88.4583
  -88.7146
  -85.7117
  -82.5867
  -78.3264
  -74.4995
  -69.2749
  -64.8132
  -61.9812
  -56.8665
  -53.6987
  -52.3499
  -49.1516
  -46.3196
  -42.2058
  -38.2751
  -32.9834
  -27.4475
  -20.8740
  -14.2517
   -9.9365
   -5.1086
    0.5066
    5.4321
    8.9539
   11.7615
   18.3594
   26.3367
   33.1055
   38.0371
   42.5781
   46.8750
   47.8088
   47.1619
   49.7681
   53.4851
   57.9712
   64.5325
   72.6074
   76.9775
   81.7261
   90.4175
   97.4609
  103.6870
  110.0100
  112.9580
  111.3460
  113.8490
  120.2210
  121.5700
  121.5520
  121.8260
  122.0400
  125.0610
  129.9740
  134.0270
  133.8070
  131.0000
  133.3620
  134.7170
  137.4820
  139.5750
  136.1210
  133.2460
  131.0790
  131.0180
  130.3830
  128.8640
  130.2190
  129.2970
  127.6790
  126.4650
  125.9220
  126.1050
  122.2410
  119.5680
  120.1780
  119.6660
  121.0450
  121.7900
  123.3030
  123.7430
  119.4820
  113.3850
  106.4760
  105.1270
  103.7230
   93.9209
   83.1848
   80.3284
   81.1279
   76.8677
   69.4214
   60.4797
   50.5615
   47.9492
   47.9919
   38.6536
   22.5464
   12.0728
    7.0374
    4.2419
    1.9592
   -1.3916
  -12.5366
  -20.7153
  -18.4937
  -11.9934
   -7.1289
   -3.0029
    2.3377
    3.6743
   -1.5869
   -8.5144
   -8.8989
  -13.0554
  -20.9595
  -25.9155
  -25.5737
  -24.2004
  -28.4729
  -34.9854
  -37.8113
  -42.1204
  -42.7917
  -42.9749
  -44.9463
  -47.7844
  -50.8484
  -51.5137
  -51.6235
  -51.7944
  -51.1414
  -50.1831
  -49.7559
  -51.3062
  -52.4353
  -54.4983
  -55.4993
  -52.9114
  -50.6104
  -50.4089
  -53.8635
  -60.4065
  -63.7146
  -68.0542
  -75.9705
  -80.5420
  -79.9988
  -84.9609
  -88.9832
  -98.8281
 -114.2820
 -118.0850
 -107.3910
  -92.9138
  -83.1299
  -84.7473
  -90.8569
  -90.3809
  -89.2151
  -86.9324
  -80.0903
  -76.0742
  -79.1016
  -87.0544
  -91.4429
  -89.7400
  -84.6130
  -77.0691
  -72.9736
  -71.4661
  -69.1711
  -64.5935
  -59.1919
  -58.1360
  -60.4980
  -65.1062
  -66.9250
  -64.6667
  -64.9597
  -64.2151
  -56.0364
  -48.1384
  -45.1416
  -45.8374
  -45.6482
  -44.1040
  -47.7112
  -49.3713
  -49.1150
  -46.4355
  -43.9880
  -46.6492
  -47.9126
  -49.8840
  -51.5564
  -51.0071
  -50.0854
  -48.5535
  -47.1802
  -45.5505
  -43.4631
  -42.3706
  -41.1377
  -40.8936
  -42.6025
  -44.8730
  -47.8271
  -50.4028
  -52.0752
  -52.1851
  -54.8035
  -59.6680
  -61.9202
  -62.9944
  -65.1672
  -67.4988
  -66.4063
  -63.5254
  -61.3342
  -62.5854
  -62.3718
  -61.6943
  -60.9924
  -62.5000
  -67.1997
  -70.6421
  -72.9370
  -72.5220
  -71.7773
  -72.4426
  -73.6145
  -75.9644
  -73.3643
  -67.4561
  -63.1226
  -62.8418
  -63.2202
  -63.7207
  -65.5212
  -67.8772
  -69.4519
  -71.6858
  -72.6196
  -74.0845
  -72.3816
  -68.8904
  -68.5303
  -65.5823
  -62.7136
  -59.2224
  -55.6030
  -55.2368
  -53.3386
  -50.8606
  -47.7478
  -45.6177
  -44.0735
  -39.0503
  -35.7971
  -34.4543
  -33.0139
  -36.7493
  -35.6750
  -31.2073
  -24.4568
  -20.1416
  -18.9880
  -16.7786
  -17.3767
  -18.0420
  -16.9312
  -11.7126
   -4.0710
   -0.9216
   -2.9602
   -4.4922
   -4.4128
  -11.5967
  -25.5371
  -21.3074
   -6.2988
   -0.1770
    1.9836
    3.4668
   10.0464
    3.9063
  -10.2600
  -25.9399
  -43.6096
  -42.3096
  -46.9971
  -64.1052
  -72.8516
  -73.1934
  -53.1738
  -37.1948
  -43.6401
  -56.5796
  -66.1560
  -72.6196
  -75.9888
  -76.7517
  -73.9502
  -71.1731
  -69.2383
  -69.2749
  -70.9167
  -70.6482
  -71.8018
  -71.1914
  -66.8396
  -60.6567
  -58.9111
  -69.9585
  -87.2681
 -102.9540
 -117.2060
 -115.2590
 -106.5610
  -97.3816
 -100.1100
 -128.2290
 -144.4520
 -153.7110
 -164.7030
 -161.2240
 -154.5780
 -154.5590
 -160.1990
 -160.5770
 -158.2030
 -162.7200
 -162.0120
 -166.7300
 -175.8360
 -172.7910
 -169.2500
 -172.2840
 -175.8730
 -174.3530
 -176.5500
 -185.6990
 -185.6200
 -187.0910
 -196.2520
 -196.9910
 -192.0650
 -194.7020
 -198.1690
 -195.4410
 -194.7690
 -197.0700
 -196.2280
 -194.5070
 -194.7810
 -195.1660
 -194.9650
 -195.1350
 -195.5810
 -195.1900
 -194.6840
 -194.9220
 -194.8060
 -194.2140
 -193.1580
 -193.1460
 -193.9030
 -193.5420
 -193.5610
 -193.7320
 -192.5840
 -191.9680
 -191.9250
 -192.5290
 -192.4870
 -192.1510
 -192.3950
 -190.3630
 -189.4900
 -190.2710
 -188.5800
 -187.9330
 -188.3540
 -188.5250
 -186.9750
 -186.0350
 -187.7930
 -187.7440
 -188.4890
 -189.0930
 -188.9100
 -189.8130
 -189.2520
 -190.0760
 -191.6630
 -191.1010
 -190.9970
 -192.8340
 -193.6340
 -192.4740
 -191.7180
 -192.6090
 -192.3030
 -192.2360
 -192.4190
 -192.1690
 -192.2360
 -190.8940
 -190.3200
 -190.6620
 -191.3640
 -192.4010
 -191.9370
 -192.1880
 -192.9020
 -192.6210
 -192.2970
 -190.2650
 -190.0450
 -190.8200
 -190.1060
 -189.4530
 -188.9220
 -187.3840
 -183.9290
 -182.8740
 -184.8140
 -181.5120
 -178.8640
 -180.2430
 -173.9560
 -168.1520
 -167.9990
 -166.8520
 -157.5990
 -153.1860
 -154.9680
 -142.7610
 -134.4850
 -138.0800
 -134.7170
 -128.0940
 -126.6720
 -126.5930
 -120.5020
 -116.6630
 -117.7490
 -111.8100
 -108.3070
 -108.5210
 -106.8360
 -106.9640
 -105.9880
 -103.7600
  -98.3643
  -96.2036
  -99.0417
  -97.6013
  -94.5496
  -91.6260
  -87.6770
  -86.8042
  -86.4197
  -86.6272
  -86.2549
  -83.5571
  -81.5186
  -77.5452
  -75.8057
  -75.2136
  -74.0051
  -77.1667
  -79.6021
  -83.1848
  -86.4258
  -87.2131
  -87.2681
  -87.5244
  -89.1602
  -89.7217
  -87.5000
  -88.4155
  -89.9780
  -91.9312
  -93.2251
  -94.4092
  -97.0703
  -98.9136
  -99.3652
  -99.9878
 -101.4530
 -103.7660
 -103.7660
 -108.0320
 -114.8190
 -117.7610
 -119.5310
 -121.0450
 -124.1150
 -124.7380
 -126.4890
 -133.6180
 -134.0390
 -130.0600
 -126.8190
 -124.7620
 -125.9220
 -121.0020
 -114.4960
 -109.8630
 -104.7970
 -100.0790
  -94.7693
  -89.0015
  -83.8684
  -80.9570
  -77.5940
  -66.6687
  -57.0557
  -52.4414
  -49.7009
  -48.1506
  -44.6655
  -40.1184
  -36.2549
  -35.8154
  -37.4512
  -36.2427
  -35.9558
  -35.4736
  -30.1880
  -25.2686
  -22.6685
  -21.5698
  -19.0002
  -13.6292
   -8.1848
   -3.9795
   -1.6113
    0.7507
    3.4180
    5.9387
   10.3943
   12.5488
   10.8704
    9.8450
   12.4756
   17.6208
   23.0286
   26.5747
   28.9551
   30.9753
   34.6863
   37.7625
   38.9465
   40.4785
   44.0796
   47.4548
   51.5686
   55.5359
   57.8735
   57.6416