0.625611
0.913978
1.055718
0.894428
0.830890
0.811339
0.742913
0.816227
0.894428
0.816227
0.708700
0.640274
0.562072
0.576735
1.637341
2.023460
1.256109
0.938416
0.752688
0.679374
0.684262
0.962854
1.955034
2.023460
1.539589
1.124145
0.747801
0.718475
0.625611
1.612903
2.096774
1.955034
1.427175
1.466276
1.334311
1.011730
1.085044
1.016618
1.138807
0.997067
1.153470
1.241447
1.168133
0.796676
0.821114
0.679374
0.615836
0.591398
0.610948
0.684262
0.689150
0.596285
0.576735
0.547410
0.522972
0.557185
0.547410
0.542522
0.610948
0.552297
0.542522
0.586510
0.674487
0.654936
0.576735
0.591398
0.557185
0.581623
0.552297
0.547410
0.547410
0.547410
0.542522
0.557185
0.547410
0.547410
0.571848
0.552297
0.503421
0.547410
0.591398
0.596285
0.581623
0.557185
0.610948
0.581623
0.542522
0.571848
0.562072
0.562072
0.591398
0.557185
0.532747
0.508309
0.537634
0.552297
0.527859
0.576735
0.571848
0.576735
0.620723
0.664712
0.669599
0.606061
0.581623
0.615836
0.586510
0.576735
0.620723
0.654936
0.664712
0.650049
0.640274
0.659824
0.591398
0.625611
0.620723
0.576735
0.576735
0.586510
0.542522
0.581623
0.620723
0.566960
0.566960
0.542522
0.591398
0.610948
0.576735
0.557185
0.610948
0.527859
0.557185
0.566960
0.532747
0.488759
0.552297
0.542522
0.537634
0.522972
0.542522
0.542522
0.547410
0.576735
0.542522
0.513196
0.522972
0.557185
0.586510
0.606061
0.596285
0.547410
0.601173
0.591398
0.620723
0.596285
0.537634
0.542522
0.562072
0.625611