1.129032
1.373412
4.125122
4.775171
4.775171
4.775171
4.775171
3.983382
3.758553
3.924731
3.509286
2.888563
2.316716
1.837732
1.539589
1.353861
1.192571
1.021505
0.879765
0.796676
0.703812
0.650049
0.606061
0.557185
0.459433
0.444770
0.415445
0.371457
0.342131
0.322581
0.351906
0.361681
0.361681
0.361681
0.361681
0.361681
0.361681
0.361681
0.361681
0.361681
0.361681
0.361681
0.356794
0.361681
0.361681
0.356794
0.361681
0.356794
0.361681
0.351906
0.356794
0.361681
0.356794
0.356794
0.356794
0.361681
0.361681
0.361681
0.361681
0.356794
0.356794
0.356794
0.361681
0.361681
0.356794
0.361681
0.356794
0.361681
0.361681
0.356794
0.356794
0.356794
0.356794
0.361681
0.356794
0.356794
0.356794
0.361681
0.361681
0.356794
0.361681
0.361681
0.361681
0.361681
0.361681
0.356794
0.356794
0.356794
0.356794
0.356794
0.356794
0.356794
0.356794
0.356794
0.356794
0.351906
0.356794
0.356794
0.356794
0.356794
0.356794
0.356794
0.356794
0.356794
0.356794
0.356794
0.356794
0.356794
0.356794
0.356794
0.356794
0.376344
0.366569
0.361681
0.464321
0.679374
1.001955
1.055718
1.226784
1.124145
0.899316
4.208211
4.775171
4.775171
4.775171
3.690127
3.157380
3.172043
2.903226
2.683284
2.658847
2.204301
1.994135
1.700880
1.603128
1.265885
0.865103
0.625611
0.571848
0.557185
0.508309
0.498534
0.464321
0.449658
0.410557
0.415445
0.400782
0.420332
0.381232
0.337243
0.312805
0.327468
0.322581
0.327468
0.298143
0.342131
0.356794
0.361681
0.361681
0.332356