0.342131
0.337243
0.342131
0.342131
0.337243
0.337243
0.332356
0.332356
0.332356
0.332356
0.332356
0.337243
0.342131
0.337243
0.332356
0.332356
0.337243
0.337243
0.337243
0.332356
0.337243
0.332356
0.337243
0.327468
0.337243
0.337243
0.439883
0.386119
0.405670
0.469208
0.474096
0.659824
0.708700
0.571848
0.518084
0.469208
0.566960
0.474096
0.708700
0.518084
0.522972
0.513196
0.444770
0.459433
0.508309
0.576735
0.474096
0.542522
0.400782
0.459433
0.576735
1.524927
1.397849
1.006843
0.821114
0.547410
0.439883
0.469208
0.508309
1.246334
1.158358
0.948192
0.830890
0.669599
0.488759
0.581623
0.527859
1.212121
1.241447
0.928641
0.850440
0.840665
0.532747
0.410557
0.361681
0.337243
0.332356
0.332356
0.337243
0.342131
0.342131
0.332356
0.332356
0.332356
0.332356
0.332356
0.327468
0.337243
0.332356
0.332356
0.332356
0.332356
0.332356
0.332356
0.337243
0.332356
0.337243
0.332356
0.342131
0.332356
0.342131
0.332356
0.337243
0.327468
0.347019
0.347019
0.347019
0.342131
0.351906
0.337243
0.342131
0.342131
0.347019
0.337243
0.337243
0.332356
0.342131
0.332356
0.337243
0.332356
0.342131
0.327468
0.332356
0.337243
0.332356
0.327468
0.332356
0.327468
0.332356
0.327468
0.337243
0.332356
0.322581
0.347019
0.342131
0.337243
0.332356
0.337243
0.327468
0.337243
0.337243
0.327468
0.327468
0.332356
0.327468
0.332356
0.332356
0.332356
0.332356
0.332356
0.327468
0.327468
0.327468
0.332356
0.332356
0.337243
0.332356
0.332356
0.332356
0.337243