0.381232
0.439883
0.464321
0.459433
0.420332
0.415445
0.576735
0.571848
0.640274
0.733138
0.635386
0.606061
0.513196
0.596285
0.576735
0.640274
0.698925
1.065494
1.231672
1.026393
0.894428
0.830890
0.708700
0.645161
0.694037
0.943304
1.290323
1.060606
1.036168
0.884653
0.786901
0.679374
0.601173
0.659824
1.031281
1.217009
1.710655
1.730205
1.554252
1.270772
1.334311
1.050831
1.192571
1.075269
1.050831
0.997067
0.992180
0.840665
0.571848
0.591398
0.522972
0.464321
0.454545
0.508309
0.493646
0.508309
0.488759
0.508309
0.493646
0.469208
0.444770
0.454545
0.434995
0.488759
0.459433
0.454545
0.434995
0.449658
0.439883
0.430108
0.425220
0.425220
0.425220
0.405670
0.405670
0.415445
0.400782
0.415445
0.425220
0.405670
0.400782
0.405670
0.405670
0.405670
0.395894
0.395894
0.405670
0.415445
0.405670
0.469208
0.464321
0.464321
0.488759
0.464321
0.454545
0.478983
0.449658
0.478983
0.469208
0.469208
0.459433
0.469208
0.454545
0.464321
0.454545
0.444770
0.464321
0.464321
0.464321
0.474096
0.449658
0.459433
0.459433
0.459433
0.464321
0.478983
0.459433
0.483871
0.459433
0.464321
0.469208
0.498534
0.464321
0.464321
0.469208
0.469208
0.454545
0.449658
0.493646
0.513196
0.478983
0.488759
0.464321
0.464321
0.478983
0.454545
0.474096
0.454545
0.474096
0.439883
0.439883
0.444770
0.444770
0.449658
0.430108
0.464321
0.444770
0.444770
0.459433
0.444770
0.478983
0.459433
0.469208
0.449658
0.454545
0.449658
0.459433
0.454545
0.449658
0.444770