0.356794
0.356794
0.356794
0.356794
0.356794
0.356794
0.361681
0.356794
0.356794
0.356794
0.356794
0.356794
0.356794
0.356794
0.356794
0.356794
0.356794
0.361681
0.361681
0.361681
0.361681
0.361681
0.356794
0.361681
0.361681
0.356794
0.361681
0.361681
0.361681
0.361681
0.361681
0.361681
0.400782
0.586510
0.879765
1.109482
1.260997
1.388074
1.309873
0.992180
4.765396
4.765396
2.556207
2.492669
4.516129
3.132942
2.086999
2.170088
1.847507
1.568915
1.246334
1.060606
0.865103
0.762463
0.698925
0.645161
0.650049
0.581623
0.522972
0.464321
0.415445
0.400782
0.391007
0.405670
0.371457
0.386119
0.395894
0.410557
0.386119
0.391007
0.391007
0.356794
0.366569
0.386119
0.371457
0.381232
0.386119
0.366569
0.391007
0.351906
0.405670
0.410557
0.386119
0.371457
0.391007
0.386119
0.391007
0.361681
0.381232
0.381232
0.361681
0.376344
0.376344
0.386119
0.405670
0.425220
0.454545
0.469208
0.483871
0.469208
0.483871
0.434995
0.439883
0.415445
0.391007
0.361681
0.351906
0.381232
0.361681
0.381232
0.386119
0.356794
0.381232
0.376344
0.351906
0.356794
0.351906
0.347019
0.351906
0.356794
0.351906
0.351906
0.361681
0.366569
0.356794
0.366569
0.361681
0.356794
0.376344
0.361681
0.376344
0.356794
0.356794
0.376344
0.381232
0.366569
0.356794
0.356794
0.351906
0.356794
0.351906
0.361681
0.356794
0.356794
0.356794
0.356794
0.356794
0.356794
0.361681
0.356794
0.361681
0.356794
0.356794
0.361681
0.356794
0.356794
0.356794
0.356794
0.361681
0.361681