0.420332
0.434995
0.464321
0.425220
0.434995
0.425220
0.425220
0.434995
0.449658
0.459433
0.474096
0.483871
0.522972
0.684262
0.581623
0.522972
0.654936
1.202346
1.036168
0.835777
0.635386
0.596285
0.566960
0.698925
1.187683
1.153470
0.869990
0.777126
0.777126
0.586510
0.620723
0.786901
1.114370
0.826002
0.879765
0.801564
0.728250
0.615836
0.571848
0.532747
0.518084
0.469208
0.478983
0.454545
0.444770
0.454545
0.459433
0.439883
0.449658
0.488759
0.474096
0.469208
0.449658
0.444770
0.444770
0.430108
0.420332
0.474096
0.430108
0.449658
0.444770
0.449658
0.425220
0.454545
0.444770
0.439883
0.444770
0.459433
0.454545
0.454545
0.430108
0.454545
0.434995
0.444770
0.459433
0.434995
0.449658
0.420332
0.454545
0.439883
0.430108
0.454545
0.439883
0.449658
0.449658
0.454545
0.434995
0.439883
0.434995
0.405670
0.439883
0.434995
0.434995
0.425220
0.434995
0.434995
0.405670
0.420332
0.425220
0.425220
0.420332
0.430108
0.425220
0.425220
0.420332
0.434995
0.405670
0.439883
0.410557
0.430108
0.425220
0.420332
0.410557
0.415445
0.425220
0.439883
0.430108
0.420332
0.430108
0.420332
0.425220
0.425220
0.415445
0.439883
0.434995
0.434995
0.430108
0.430108
0.439883
0.434995
0.459433
0.444770
0.454545
0.430108
0.454545
0.439883
0.430108
0.434995
0.444770
0.469208
0.434995
0.430108
0.430108
0.434995
0.464321
0.430108
0.434995
0.449658
0.430108
0.449658
0.459433
0.434995
0.454545
0.439883
0.439883
0.449658
0.439883
0.444770
0.444770
0.449658