0.405670
1.158358
1.510264
1.319648
1.334311
1.314761
3.685239
4.770283
4.770283
4.770283
4.198436
2.942326
2.927664
2.732160
2.414467
2.072336
1.862170
1.681329
1.564027
1.441838
1.334311
1.241447
1.163245
1.085044
0.997067
0.899316
0.811339
0.738025
0.669599
0.596285
0.532747
0.503421
0.454545
0.439883
0.405670
0.361681
0.356794
0.361681
0.356794
0.361681
0.356794
0.356794
0.361681
0.356794
0.361681
0.356794
0.361681
0.356794
0.356794
0.361681
0.361681
0.361681
0.361681
0.356794
0.356794
0.356794
0.361681
0.361681
0.361681
0.356794
0.356794
0.356794
0.356794
0.356794
0.356794
0.356794
0.356794
0.356794
0.356794
0.356794
0.356794
0.361681
0.366569
0.733138
0.698925
0.674487
0.694037
0.571848
0.532747
0.483871
0.552297
0.478983
0.508309
0.552297
0.547410
0.434995
0.420332
0.434995
0.410557
0.459433
0.430108
0.439883
0.425220
0.420332
0.425220
0.376344
0.439883
0.474096
0.430108
0.391007
0.371457
0.361681
0.351906
0.356794
0.356794
0.356794
0.356794
0.356794
0.356794
0.356794
0.356794
0.356794
0.356794
0.356794
0.356794
0.356794
0.356794
0.356794
0.356794
0.356794
0.356794
0.356794
0.356794
0.356794
0.356794
0.356794
0.356794
0.356794
0.356794
0.356794
0.356794
0.356794
0.356794
0.356794
0.356794
0.356794
0.356794
0.356794
0.356794
0.356794
0.356794
0.356794
0.356794
0.356794
0.356794
0.356794
0.356794
0.356794
0.356794
0.356794
0.356794
0.356794
0.356794
0.356794
0.356794
0.356794
0.356794
0.356794
0.356794
0.356794