0.498534
0.566960
0.650049
0.557185
0.508309
0.493646
0.601173
0.532747
0.571848
0.562072
0.601173
0.581623
0.640274
0.742913
0.650049
0.767351
0.606061
0.532747
0.674487
1.515152
1.358749
1.045943
0.752688
0.606061
0.586510
0.723363
0.664712
1.270772
1.505376
1.202346
0.928641
0.796676
0.826002
0.684262
0.943304
1.202346
1.915934
1.422287
1.451613
1.691105
1.065494
0.967742
1.006843
1.133920
1.031281
0.782014
0.762463
0.728250
0.826002
0.733138
0.713587
0.703812
0.698925
0.664712
0.703812
0.708700
0.601173
0.620723
0.698925
0.610948
0.615836
0.581623
0.542522
0.522972
0.601173
0.606061
0.659824
0.625611
0.610948
0.562072
0.606061
0.591398
0.562072
0.650049
0.811339
0.752688
0.840665
0.654936
0.630499
0.762463
0.581623
0.738025
0.762463
0.610948
0.640274
0.635386
0.645161
0.772239
0.659824
0.786901
0.664712
0.664712
0.610948
0.610948
0.684262
0.684262
0.625611
0.664712
0.679374
0.586510
0.576735
0.620723
0.674487
0.615836
0.581623
0.610948
0.645161
0.654936
0.650049
0.684262
0.625611
0.654936
0.630499
0.684262
0.669599
0.830890
0.630499
0.630499
0.566960
0.586510
0.571848
0.689150
0.601173
0.601173
0.601173
0.586510
0.645161
0.576735
0.571848
0.610948
0.606061
0.518084
0.596285
0.674487
0.562072
0.591398
0.518084
0.474096
0.566960
0.601173
0.527859
0.610948
0.610948
0.542522
0.571848
0.542522
0.527859
0.713587
0.586510
0.557185
0.522972
0.547410
0.498534
0.518084
0.513196
0.522972
0.508309
0.571848
0.581623
0.547410