0.474096
0.522972
0.503421
0.483871
0.518084
0.493646
0.474096
0.532747
0.503421
0.454545
0.493646
0.469208
0.522972
0.532747
0.508309
0.542522
0.459433
0.400782
0.386119
0.395894
0.381232
1.344086
1.119257
1.226784
0.816227
0.679374
0.488759
0.469208
0.420332
0.425220
0.508309
0.791789
0.987292
0.913978
0.733138
0.645161
0.537634
0.610948
0.640274
0.566960
0.645161
0.483871
0.425220
0.508309
0.430108
0.439883
0.786901
0.962854
0.840665
0.801564
0.669599
0.659824
0.645161
0.557185
0.708700
0.527859
0.508309
0.547410
0.552297
0.552297
0.532747
0.542522
0.518084
0.547410
0.576735
0.503421
0.532747
0.581623
0.547410
0.562072
0.571848
0.581623
0.571848
0.552297
0.571848
0.474096
0.493646
0.537634
0.601173
0.518084
0.513196
0.669599
0.610948
0.552297
0.483871
0.576735
0.742913
0.606061
0.532747
0.645161
0.547410
0.508309
0.552297
0.557185
0.537634
0.498534
0.557185
0.532747
0.601173
0.679374
0.630499
0.630499
0.635386
0.581623
0.689150
0.610948
0.606061
0.552297
0.630499
0.532747
0.576735
0.532747
0.542522
0.498534
0.542522
0.601173
0.806452
0.708700
0.713587
0.591398
0.522972
0.522972
0.571848
0.566960
0.498534
0.562072
0.483871
0.454545
0.439883
0.444770
0.498534
0.469208
0.518084
0.503421
0.522972
0.527859
0.532747
0.640274
0.591398
0.537634
0.620723
0.664712
0.630499
0.527859
0.571848
0.513196
0.591398
0.527859
0.562072
0.527859
0.610948
0.581623
0.581623
0.610948
0.566960
0.552297
0.610948
0.562072
0.566960
0.513196