0.351906
0.356794
0.356794
0.356794
0.356794
0.356794
0.356794
0.356794
0.356794
0.356794
0.356794
0.356794
0.356794
0.356794
0.356794
0.356794
0.356794
0.356794
0.361681
0.356794
0.356794
0.356794
0.356794
0.356794
0.356794
0.356794
0.356794
0.356794
0.356794
0.356794
0.356794
0.356794
0.356794
0.356794
0.356794
0.356794
0.356794
0.356794
0.356794
0.356794
0.356794
0.356794
0.356794
0.356794
0.356794
0.356794
0.356794
0.356794
0.356794
0.356794
0.356794
0.356794
0.356794
0.356794
0.356794
0.356794
0.356794
0.356794
0.356794
0.356794
0.356794
0.356794
0.356794
0.356794
0.356794
0.356794
0.356794
0.356794
0.361681
0.356794
0.361681
0.356794
0.356794
0.356794
0.356794
0.356794
0.356794
0.356794
0.356794
0.356794
0.356794
0.356794
0.356794
0.356794
0.356794
0.410557
0.669599
0.698925
0.923754
0.943304
0.977517
0.772239
0.694037
0.894428
0.733138
0.625611
0.537634
0.650049
0.840665
1.427175
1.397849
1.436950
1.476051
4.775171
4.775171
4.775171
4.775171
4.692082
4.232649
3.910068
3.514174
3.504399
3.264907
2.976540
2.693060
2.478006
2.253177
2.033236
1.779081
1.427175
1.099707
0.884653
0.728250
0.679374
0.601173
0.562072
0.518084
0.439883
0.478983
0.508309
0.483871
0.713587
0.933529
1.290323
1.099707
0.904203
0.826002
0.923754
0.738025
0.601173
0.791789
0.708700
0.645161
0.601173
0.620723
0.640274
0.571848
1.089932
1.735093
1.979472
1.402737
1.339198
4.770283
4.775171
4.775171
4.775171
4.765396
4.745846
4.765396
4.687195