0.669599
0.625611
0.635386
0.796676
0.679374
0.615836
0.562072
0.498534
0.664712
1.221896
1.212121
1.031281
0.806452
0.630499
0.586510
0.586510
1.319648
1.554252
1.226784
0.782014
0.664712
0.576735
0.615836
1.392962
1.559140
1.265885
1.358749
1.045943
0.826002
0.860215
0.713587
0.606061
0.542522
0.478983
0.464321
0.459433
0.434995
0.474096
0.434995
0.444770
0.439883
0.464321
0.469208
0.449658
0.464321
0.449658
0.474096
0.469208
0.464321
0.474096
0.459433
0.464321
0.434995
0.474096
0.459433
0.444770
0.434995
0.430108
0.434995
0.449658
0.459433
0.439883
0.444770
0.425220
0.434995
0.434995
0.425220
0.430108
0.415445
0.434995
0.434995
0.434995
0.439883
0.430108
0.425220
0.434995
0.425220
0.420332
0.420332
0.434995
0.444770
0.434995
0.420332
0.439883
0.434995
0.444770
0.415445
0.449658
0.439883
0.430108
0.444770
0.430108
0.444770
0.439883
0.439883
0.444770
0.434995
0.430108
0.449658
0.449658
0.459433
0.444770
0.459433
0.459433
0.483871
0.454545
0.469208
0.469208
0.449658
0.474096
0.464321
0.469208
0.469208
0.459433
0.449658
0.430108
0.434995
0.449658
0.430108
0.454545
0.444770
0.444770
0.420332
0.474096
0.425220
0.434995
0.459433
0.444770
0.508309
0.493646
0.444770
0.464321
0.444770
0.449658
0.454545
0.434995
0.469208
0.488759
0.444770
0.508309
0.478983
0.469208
0.522972
0.488759
0.469208
0.454545
0.444770
0.469208
0.478983
0.483871
0.464321
0.478983
0.488759
0.434995
0.474096
0.469208
0.498534
0.449658
0.474096
0.469208