0.610948
0.478983
0.454545
0.483871
0.488759
0.522972
0.478983
0.483871
0.464321
0.488759
0.483871
0.469208
0.498534
0.522972
0.493646
0.474096
0.488759
0.493646
0.478983
0.498534
0.532747
0.537634
0.562072
0.596285
0.532747
0.508309
0.532747
0.508309
0.591398
0.547410
0.434995
0.405670
0.410557
0.420332
0.957967
0.821114
0.806452
0.674487
0.689150
0.601173
0.542522
0.483871
0.425220
0.434995
0.444770
0.552297
0.689150
0.855327
0.948192
0.791789
0.777126
1.021505
0.698925
0.654936
0.723363
0.738025
0.498534
0.464321
0.434995
0.395894
0.395894
0.415445
1.060606
1.001955
0.845552
0.830890
0.757576
0.918866
0.654936
0.547410
0.557185
0.474096
0.478983
0.493646
0.576735
0.498534
0.503421
0.552297
0.527859
0.503421
0.537634
0.503421
0.635386
0.669599
0.581623
0.532747
0.537634
0.518084
0.522972
0.532747
0.679374
0.581623
0.532747
0.566960
0.552297
0.542522
0.620723
0.552297
0.635386
0.591398
0.659824
0.527859
0.503421
0.557185
0.513196
0.591398
0.591398
0.640274
0.581623
0.537634
0.532747
0.532747
0.552297
0.503421
0.664712
0.576735
0.596285
0.586510
0.571848
0.586510
0.503421
0.566960
0.654936
0.591398
0.654936
0.762463
0.566960
0.752688
0.674487
0.689150
0.752688
0.566960
0.547410
0.542522
0.542522
0.591398
0.493646
0.522972
0.464321
0.552297
0.581623
0.532747
0.547410
0.542522
0.557185
0.518084
0.620723
0.474096
0.459433
0.498534
0.503421
0.503421
0.498534
0.488759
0.498534
0.478983
0.434995
0.449658
0.493646
0.513196