0.386119
0.469208
0.601173
0.620723
0.762463
1.001955
0.997067
0.747801
0.625611
0.542522
0.513196
0.498534
0.635386
0.913978
0.982405
0.918866
1.036168
0.874878
1.119257
0.879765
0.801564
0.777126
0.806452
0.855327
0.943304
0.777126
0.694037
0.786901
0.840665
0.772239
0.767351
0.576735
0.508309
0.532747
0.708700
0.723363
0.596285
0.669599
0.679374
0.635386
0.654936
0.703812
0.782014
0.723363
0.772239
0.728250
0.513196
0.537634
0.586510
0.620723
0.615836
0.610948
1.055718
0.894428
0.703812
0.552297
0.943304
1.573803
2.072336
1.847507
0.948192
1.862170
4.775171
4.125122
2.165200
1.490714
1.402737
1.471163
1.300098
1.173021
1.217009
0.933529
0.811339
0.733138
0.674487
0.650049
0.591398
0.586510
0.518084
0.513196
0.557185
0.464321
0.503421
0.434995
0.601173
0.537634
0.537634
0.449658
0.459433
0.537634
0.415445
0.449658
0.449658
0.562072
0.542522
0.562072
0.488759
0.464321
0.459433
0.415445
0.537634
0.503421
0.483871
0.508309
0.454545
0.513196
0.439883
0.444770
0.469208
0.483871
0.488759
0.454545
0.513196
0.542522
0.459433
0.478983
0.586510
0.532747
0.527859
0.493646
0.537634
0.483871
0.444770
0.434995
0.464321
0.430108
0.469208
0.488759
0.552297
0.630499
0.669599
0.723363
0.733138
0.650049
0.596285
0.610948
0.801564
0.669599
0.483871
0.733138
0.694037
0.576735
0.508309
0.654936
0.821114
1.080156
1.700880
2.605083
1.559140
1.739980
4.770283
4.775171
4.775171
2.785924
2.091887
2.160313
2.531769
2.253177
1.930596
1.671554