0.434995
0.483871
0.483871
0.420332
0.478983
0.493646
0.469208
0.469208
0.459433
0.420332
0.400782
0.400782
0.400782
0.464321
0.513196
0.488759
0.449658
0.562072
0.498534
0.488759
0.449658
0.430108
0.430108
0.420332
0.425220
0.425220
0.518084
0.562072
0.547410
0.562072
0.498534
0.488759
0.444770
0.483871
0.488759
0.508309
0.591398
0.518084
0.508309
0.581623
0.518084
0.635386
0.879765
1.041056
1.153470
0.918866
0.767351
0.640274
0.645161
0.601173
0.586510
0.757576
1.192571
0.957967
0.830890
0.806452
0.806452
0.635386
0.703812
0.586510
0.654936
0.620723
0.606061
0.767351
0.874878
1.192571
1.192571
1.290323
1.221896
0.948192
1.182796
1.153470
1.143695
1.065494
1.158358
0.840665
0.894428
0.943304
0.782014
0.654936
0.811339
0.821114
0.816227
0.806452
0.718475
0.674487
0.630499
0.713587
0.562072
0.581623
0.654936
0.728250
0.674487
0.581623
0.610948
0.659824
0.586510
0.513196
0.527859
0.532747
0.454545
0.483871
0.532747
0.474096
0.425220
0.469208
0.434995
0.434995
0.439883
0.459433
0.449658
0.474096
0.474096
0.474096
0.449658
0.444770
0.430108
0.449658
0.444770
0.449658
0.439883
0.449658
0.478983
0.474096
0.449658
0.454545
0.454545
0.454545
0.444770
0.454545
0.459433
0.454545
0.454545
0.513196
0.483871
0.488759
0.454545
0.449658
0.464321
0.454545
0.464321
0.513196
0.478983
0.478983
0.449658
0.474096
0.474096
0.449658
0.469208
0.469208
0.493646
0.483871
0.478983
0.493646
0.459433
0.444770
0.469208
0.444770
0.454545
0.430108