0.356794
0.356794
0.351906
0.356794
0.356794
0.356794
0.356794
0.327468
0.322581
0.332356
0.332356
0.351906
0.351906
0.351906
0.356794
0.347019
0.410557
0.454545
0.508309
0.454545
0.464321
0.469208
0.395894
0.366569
0.347019
0.386119
1.163245
1.089932
0.698925
0.518084
0.522972
0.669599
0.625611
0.694037
0.669599
0.791789
0.630499
0.513196
0.547410
0.591398
0.650049
0.767351
0.738025
1.260997
1.285435
1.309873
1.456500
1.583578
4.770283
4.770283
4.770283
3.357771
2.991202
2.810362
2.536657
2.062561
1.744868
1.451613
1.187683
0.977517
0.835777
0.718475
0.610948
0.488759
0.400782
0.351906
0.337243
0.347019
0.347019
0.356794
0.332356
0.347019
0.342131
0.351906
0.337243
0.347019
0.356794
0.356794
0.347019
0.347019
0.347019
0.356794
0.356794
0.356794
0.356794
0.356794
0.356794
0.356794
0.361681
0.356794
0.356794
0.356794
0.356794
0.356794
0.518084
0.400782
0.371457
0.361681
0.361681
0.356794
0.356794
0.356794
0.356794
0.361681
0.361681
0.356794
0.356794
0.361681
0.361681
0.356794
0.356794
0.356794
0.356794
0.356794
0.356794
0.356794
0.356794
0.361681
0.356794
0.356794
0.356794
0.356794
0.527859
1.564027
1.168133
1.417400
1.036168
1.060606
4.535679
4.770283
4.770283
3.069404
2.238514
2.282502
2.101662
1.808407
1.573803
1.417400
1.202346
1.099707
0.962854
0.816227
0.708700
0.625611
0.527859
0.474096
0.430108
0.381232
0.356794
0.386119
0.381232
0.356794
0.342131
0.322581
0.332356
0.342131
0.351906
0.356794
0.356794
0.361681