0.650049
0.772239
0.698925
0.694037
0.777126
0.694037
0.703812
0.645161
0.552297
0.625611
0.689150
0.615836
0.723363
0.669599
0.733138
0.918866
0.992180
0.904203
0.796676
0.811339
0.889541
0.796676
0.796676
0.718475
0.674487
0.562072
0.498534
0.615836
0.654936
1.862170
2.258065
1.339198
1.109482
0.855327
0.698925
0.625611
0.606061
1.300098
1.295210
1.119257
1.085044
0.811339
0.752688
0.654936
0.659824
1.133920
2.013685
1.637341
1.329423
0.909091
1.099707
1.050831
0.782014
0.742913
0.596285
0.557185
0.532747
0.537634
0.684262
0.586510
0.527859
0.518084
0.606061
0.620723
0.576735
0.522972
0.503421
0.522972
0.576735
0.552297
0.606061
0.532747
0.513196
0.537634
0.542522
0.557185
0.552297
0.498534
0.518084
0.518084
0.542522
0.532747
0.513196
0.552297
0.557185
0.532747
0.586510
0.547410
0.503421
0.518084
0.532747
0.493646
0.522972
0.552297
0.552297
0.576735
0.547410
0.532747
0.522972
0.522972
0.527859
0.498534
0.518084
0.571848
0.552297
0.527859
0.493646
0.513196
0.552297
0.537634
0.547410
0.527859
0.522972
0.552297
0.532747
0.571848
0.576735
0.557185
0.527859
0.522972
0.513196
0.518084
0.493646
0.576735
0.576735
0.581623
0.581623
0.566960
0.547410
0.552297
0.542522
0.552297
0.552297
0.596285
0.557185
0.552297
0.542522
0.537634
0.537634
0.537634
0.547410
0.552297
0.518084
0.581623
0.532747
0.552297
0.571848
0.547410
0.576735
0.513196
0.557185
0.513196
0.527859
0.566960
0.537634
0.532747
0.576735
0.557185
0.576735
0.547410