0.469208
0.518084
0.420332
0.498534
0.434995
0.439883
0.410557
0.439883
0.434995
0.405670
0.405670
0.376344
0.439883
0.444770
0.449658
0.552297
0.430108
0.449658
0.395894
0.386119
0.400782
0.459433
0.420332
0.420332
0.386119
0.425220
0.391007
0.395894
0.420332
0.425220
0.434995
0.391007
0.630499
0.483871
0.381232
0.366569
0.366569
0.371457
0.694037
0.786901
0.850440
0.689150
0.659824
0.718475
0.738025
0.518084
0.425220
0.410557
0.376344
0.391007
0.654936
0.757576
0.786901
0.742913
0.615836
0.742913
0.654936
0.581623
0.576735
0.430108
0.391007
0.488759
0.444770
0.425220
0.469208
0.591398
0.747801
0.728250
0.742913
0.708700
0.762463
0.733138
0.601173
0.610948
0.694037
0.806452
0.625611
0.566960
0.493646
0.532747
0.537634
0.542522
0.630499
0.601173
0.596285
0.552297
0.571848
0.508309
0.513196
0.527859
0.547410
0.562072
0.557185
0.508309
0.557185
0.566960
0.606061
0.610948
0.615836
0.679374
0.576735
0.606061
0.522972
0.532747
0.493646
0.547410
0.610948
0.674487
0.610948
0.606061
0.571848
0.503421
0.488759
0.522972
0.503421
0.581623
0.552297
0.434995
0.400782
0.434995
0.478983
0.527859
0.469208
0.615836
0.601173
0.522972
0.527859
0.522972
0.654936
0.606061
0.527859
0.654936
0.586510
0.542522
0.645161
0.488759
0.698925
0.557185
0.478983
0.566960
0.522972
0.527859
0.522972
0.586510
0.581623
0.586510
0.606061
0.478983
0.434995
0.571848
0.586510
0.581623
0.586510
0.620723
0.566960
0.537634
0.493646
0.527859
0.508309
0.522972