0.493646
0.469208
0.420332
0.410557
0.478983
0.513196
0.527859
0.586510
0.478983
0.542522
0.469208
0.464321
0.532747
0.493646
0.449658
0.518084
0.469208
0.498534
0.430108
0.459433
0.464321
0.469208
0.444770
0.439883
0.420332
0.434995
0.459433
0.498534
0.532747
0.469208
0.474096
0.586510
0.576735
0.430108
0.449658
0.430108
0.391007
1.661779
1.529814
0.992180
0.845552
0.811339
0.659824
0.532747
0.650049
0.454545
1.050831
2.355816
1.818182
1.158358
0.889541
0.620723
0.571848
0.532747
0.786901
1.168133
1.329423
0.777126
0.752688
0.610948
0.718475
0.606061
0.562072
0.571848
0.620723
0.581623
0.532747
0.542522
0.498534
0.449658
0.503421
0.503421
0.606061
0.654936
0.513196
0.562072
0.640274
0.552297
0.518084
0.522972
0.483871
0.542522
0.566960
0.513196
0.508309
0.483871
0.537634
0.547410
0.478983
0.478983
0.547410
0.498534
0.459433
0.566960
0.557185
0.449658
0.434995
0.444770
0.478983
0.503421
0.522972
0.483871
0.552297
0.566960
0.508309
0.498534
0.537634
0.508309
0.513196
0.557185
0.483871
0.664712
0.527859
0.581623
0.532747
0.552297
0.552297
0.518084
0.635386
0.684262
0.566960
0.527859
0.615836
0.566960
0.601173
0.503421
0.488759
0.498534
0.537634
0.566960
0.566960
0.679374
0.659824
0.503421
0.518084
0.547410
0.606061
0.542522
0.483871
0.571848
0.532747
0.542522
0.591398
0.581623
0.518084
0.537634
0.527859
0.576735
0.576735
0.640274
0.527859
0.522972
0.483871
0.537634
0.664712
0.674487
0.625611
0.478983
0.493646
0.391007