
0.425220
0.493646
0.542522
0.537634
0.503421
0.498534
0.483871
0.498534
0.566960
0.650049
0.669599
0.698925
0.718475
0.703812
0.713587
0.733138
0.752688
0.713587
0.654936
0.664712
0.532747
0.547410
0.571848
0.826002
0.977517
1.001955
0.899316
0.659824
0.591398
0.679374
0.625611
0.855327
0.982405
1.192571
0.928641
0.796676
0.664712
0.718475
0.728250
0.928641
0.987292
0.987292
1.021505
1.138807
1.656891
1.295210
0.816227
0.777126
0.811339
0.664712
0.684262
0.650049
0.635386
0.557185
0.586510
0.606061
0.625611
0.596285
0.552297
0.630499
0.552297
0.493646
0.586510
0.522972
0.522972
0.547410
0.513196
0.498534
0.488759
0.547410
0.586510
0.689150
0.576735
0.552297
0.615836
0.542522
0.547410
0.576735
0.557185
0.601173
0.728250
0.689150
0.718475
0.650049
0.615836
0.581623
0.654936
0.557185
0.532747
0.635386
0.552297
0.576735
0.591398
0.581623
0.547410
0.537634
0.518084
0.459433
0.488759
0.518084
0.522972
0.547410
0.591398
0.591398
0.542522
0.576735
0.562072
0.527859
0.576735
0.571848
0.513196
0.513196
0.547410
0.532747
0.518084
0.576735
0.508309
0.459433
0.576735
0.537634
0.483871
0.562072
0.547410
0.537634
0.522972
0.469208
0.547410
0.566960
0.474096
0.537634
0.503421
0.552297
0.542522
0.610948
0.527859
0.518084
0.552297
0.503421
0.498534
0.522972
0.566960
0.478983
0.557185
0.537634
0.581623
0.606061
0.542522
0.493646
0.488759
0.518084
0.557185
0.571848
0.566960
0.571848
0.610948
0.552297
0.518084
0.503421
0.537634
0.532747