0.361681
0.356794
0.356794
0.356794
0.356794
0.351906
0.356794
0.356794
0.356794
0.356794
0.356794
0.356794
0.356794
0.356794
0.356794
0.356794
0.356794
0.356794
0.356794
0.356794
0.356794
0.356794
0.356794
0.356794
0.361681
0.356794
0.356794
0.356794
0.356794
0.361681
0.356794
0.356794
0.356794
0.356794
0.361681
0.356794
0.356794
0.356794
0.356794
0.395894
0.439883
0.434995
0.635386
0.615836
0.957967
0.943304
0.918866
1.001955
0.830890
0.845552
0.977517
0.977517
0.806452
1.485826
2.565982
3.079179
2.707722
2.228739
1.793744
1.554252
1.461388
1.324536
1.182796
0.987292
0.904203
0.850440
0.796676
0.850440
0.845552
0.718475
0.469208
0.645161
0.913978
0.992180
0.855327
0.874878
0.869990
0.733138
0.674487
0.689150
0.640274
0.571848
0.552297
0.542522
0.503421
0.474096
0.449658
0.434995
0.381232
0.371457
0.400782
0.361681
0.381232
0.386119
0.381232
0.410557
0.376344
0.386119
0.366569
0.356794
0.356794
0.371457
0.371457
0.351906
0.347019
0.400782
0.381232
0.371457
0.376344
0.395894
0.405670
0.391007
0.376344
0.439883
0.410557
0.400782
0.381232
0.464321
0.562072
0.562072
0.782014
0.698925
0.664712
0.645161
0.679374
0.645161
1.173021
0.728250
0.591398
0.532747
0.464321
0.449658
0.459433
0.469208
0.454545
0.596285
0.532747
0.537634
0.532747
0.557185
0.527859
0.552297
0.547410
0.498534
0.449658
0.425220
0.464321
0.454545
0.483871
0.439883
0.478983
0.483871
0.503421
0.493646
0.483871
0.430108
0.488759
0.400782
0.425220
0.449658