0.434995
0.459433
0.478983
0.474096
0.469208
0.454545
0.439883
0.503421
0.562072
0.596285
0.576735
0.679374
0.606061
0.571848
0.513196
0.679374
0.581623
0.586510
0.581623
0.576735
0.596285
0.606061
0.542522
0.576735
0.635386
0.645161
0.669599
0.654936
0.562072
0.537634
0.493646
0.630499
1.730205
1.588465
1.187683
0.791789
0.684262
0.566960
0.581623
1.231672
1.783969
1.471163
0.933529
0.738025
0.635386
0.601173
0.606061
1.720430
1.867058
1.637341
1.632454
1.168133
1.300098
1.593353
1.373412
0.967742
0.899316
0.747801
0.698925
0.591398
0.708700
0.654936
0.557185
0.552297
0.552297
0.483871
0.508309
0.518084
0.522972
0.669599
0.601173
0.571848
0.537634
0.547410
0.625611
0.552297
0.664712
0.601173
0.552297
0.537634
0.557185
0.532747
0.581623
0.493646
0.542522
0.522972
0.508309
0.508309
0.518084
0.498534
0.493646
0.488759
0.449658
0.493646
0.464321
0.493646
0.527859
0.478983
0.469208
0.483871
0.449658
0.483871
0.444770
0.474096
0.464321
0.459433
0.464321
0.488759
0.513196
0.478983
0.474096
0.498534
0.483871
0.503421
0.444770
0.444770
0.464321
0.459433
0.474096
0.513196
0.522972
0.557185
0.532747
0.508309
0.464321
0.469208
0.483871
0.478983
0.469208
0.454545
0.518084
0.483871
0.478983
0.474096
0.474096
0.483871
0.478983
0.474096
0.474096
0.498534
0.483871
0.566960
0.508309
0.498534
0.498534
0.483871
0.449658
0.469208
0.469208
0.508309
0.488759
0.542522
0.498534
0.532747
0.508309
0.532747
0.474096
0.493646
0.469208
0.449658