0.405670
0.508309
0.562072
0.522972
0.488759
0.444770
0.425220
0.395894
0.395894
0.527859
0.596285
0.581623
0.591398
0.542522
0.498534
0.474096
0.474096
0.513196
0.513196
0.513196
0.508309
0.703812
0.635386
0.635386
0.542522
0.537634
0.562072
0.679374
1.769306
1.652004
1.388074
1.094819
1.055718
0.933529
0.801564
0.586510
0.527859
1.021505
1.187683
1.378299
1.021505
0.977517
0.728250
0.703812
0.581623
0.650049
0.557185
0.586510
1.065494
1.006843
1.001955
1.070381
1.114370
1.114370
0.938416
0.899316
0.869990
0.782014
0.738025
0.713587
0.772239
0.884653
0.835777
0.791789
0.659824
0.586510
0.522972
0.532747
0.459433
0.503421
0.518084
0.498534
0.508309
0.469208
0.459433
0.459433
0.449658
0.478983
0.474096
0.483871
0.488759
0.449658
0.493646
0.444770
0.488759
0.469208
0.464321
0.464321
0.439883
0.459433
0.474096
0.434995
0.474096
0.474096
0.459433
0.454545
0.449658
0.459433
0.459433
0.459433
0.439883
0.449658
0.454545
0.469208
0.439883
0.454545
0.439883
0.434995
0.439883
0.439883
0.444770
0.459433
0.474096
0.444770
0.454545
0.444770
0.449658
0.439883
0.434995
0.459433
0.434995
0.430108
0.449658
0.449658
0.439883
0.439883
0.444770
0.425220
0.454545
0.454545
0.449658
0.425220
0.459433
0.439883
0.454545
0.469208
0.464321
0.439883
0.449658
0.439883
0.469208
0.459433
0.454545
0.464321
0.469208
0.464321
0.454545
0.464321
0.478983
0.464321
0.464321
0.464321
0.454545
0.459433
0.444770
0.449658
0.439883
0.449658
0.439883
0.459433