0.933529
0.904203
0.928641
0.948192
0.962854
0.909091
0.874878
0.811339
0.855327
1.011730
0.855327
0.772239
0.718475
0.723363
0.674487
0.615836
0.635386
0.625611
0.645161
0.630499
0.625611
0.630499
0.606061
0.596285
0.601173
0.571848
0.664712
0.869990
1.427175
1.304985
1.109482
0.674487
0.527859
0.415445
0.439883
0.474096
0.459433
0.508309
1.275660
1.041056
0.816227
0.708700
0.757576
0.601173
0.498534
0.405670
0.376344
0.425220
0.449658
0.464321
0.791789
1.119257
1.016618
0.762463
0.791789
0.664712
0.532747
0.581623
0.669599
0.674487
0.650049
0.684262
0.703812
0.777126
0.669599
0.586510
0.640274
0.664712
0.718475
0.630499
0.669599
0.674487
0.610948
0.635386
0.654936
0.640274
0.625611
0.679374
0.713587
0.728250
0.654936
0.625611
0.601173
0.689150
0.694037
0.821114
0.762463
0.767351
0.679374
0.654936
0.625611
0.625611
0.586510
0.669599
0.698925
0.689150
0.723363
0.694037
0.713587
0.708700
0.679374
0.674487
0.752688
0.684262
0.777126
0.840665
0.674487
0.640274
0.615836
0.698925
0.762463
0.791789
0.752688
0.777126
0.708700
0.782014
0.718475
0.694037
0.757576
0.689150
0.674487
0.733138
0.674487
0.645161
0.601173
0.728250
0.679374
0.723363
0.879765
0.850440
0.826002
0.786901
0.767351
0.733138
0.742913
0.762463
0.713587
0.782014
0.703812
0.728250
0.796676
0.698925
0.689150
0.689150
0.679374
0.703812
0.694037
0.713587
0.928641
0.835777
0.728250
0.742913
0.894428
0.733138
0.752688
0.840665
0.860215
0.757576
0.796676
0.708700