0.347019
0.356794
0.361681
0.366569
0.366569
0.361681
0.356794
0.361681
0.361681
0.356794
0.356794
0.356794
0.361681
0.356794
0.356794
0.366569
0.425220
0.522972
0.601173
0.742913
0.879765
1.173021
1.876833
2.507331
1.857283
2.306940
4.775171
4.775171
4.775171
4.770283
3.416422
2.942326
2.981427
3.113392
3.382209
3.030303
3.216031
2.629521
2.272727
1.661779
2.570870
1.891496
1.837732
2.214076
2.130987
1.730205
1.412512
1.041056
0.830890
0.703812
0.640274
0.606061
0.513196
0.469208
0.405670
0.400782
0.386119
0.356794
0.327468
0.298143
0.312805
0.337243
0.342131
0.322581
0.322581
0.327468
0.347019
0.351906
0.356794
0.356794
0.356794
0.361681
0.356794
0.361681
0.361681
0.361681
0.356794
0.356794
0.356794
0.356794
0.361681
0.356794
0.356794
0.356794
0.361681
0.356794
0.356794
0.356794
0.356794
0.361681
0.356794
0.356794
0.356794
0.356794
0.356794
0.356794
0.356794
0.356794
0.356794
0.356794
0.356794
0.356794
0.356794
0.356794
0.356794
0.356794
0.356794
0.351906
0.356794
0.356794
0.356794
0.356794
0.356794
0.356794
0.356794
0.356794
0.356794
0.356794
0.356794
0.356794
0.356794
0.356794
0.356794
0.356794
0.356794
0.356794
0.356794
0.356794
0.356794
0.356794
0.356794
0.356794
0.356794
0.356794
0.356794
0.356794
0.356794
0.356794
0.356794
0.356794
0.356794
0.356794
0.356794
0.356794
0.356794
0.356794
0.356794
0.356794
0.356794
0.356794
0.356794
0.356794
0.356794
0.356794
0.356794
0.356794
0.356794
0.361681
0.391007
0.361681