0.420332
0.459433
0.449658
0.415445
0.391007
0.376344
0.361681
0.356794
0.351906
0.351906
0.356794
0.351906
0.351906
0.356794
0.356794
0.347019
0.361681
0.347019
0.347019
0.347019
0.351906
0.395894
0.464321
0.391007
0.366569
0.513196
0.449658
0.395894
0.376344
0.371457
0.376344
0.366569
0.356794
0.366569
0.508309
0.527859
0.518084
0.454545
0.474096
0.586510
0.586510
0.518084
0.527859
0.488759
0.576735
0.620723
0.586510
0.566960
0.566960
0.635386
0.547410
0.522972
0.478983
0.488759
0.498534
0.518084
0.483871
0.478983
0.444770
0.464321
0.586510
0.557185
0.542522
0.913978
1.138807
1.045943
0.826002
0.816227
0.664712
0.566960
0.562072
0.562072
0.562072
0.542522
0.728250
0.889541
0.972630
1.011730
1.143695
0.923754
0.733138
0.625611
0.566960
0.522972
0.566960
0.576735
0.654936
0.601173
0.571848
0.742913
0.884653
0.948192
1.129032
1.080156
1.006843
0.772239
0.601173
0.581623
0.562072
0.532747
0.625611
0.571848
0.542522
0.474096
0.469208
0.459433
0.454545
0.425220
0.430108
0.391007
0.400782
0.410557
0.400782
0.405670
0.410557
0.415445
0.415445
0.410557
0.405670
0.410557
0.415445
0.415445
0.410557
0.410557
0.415445
0.415445
0.405670
0.420332
0.405670
0.410557
0.405670
0.405670
0.400782
0.395894
0.400782
0.400782
0.410557
0.410557
0.420332
0.420332
0.410557
0.405670
0.400782
0.400782
0.410557
0.415445
0.415445
0.405670
0.420332
0.410557
0.420332
0.430108
0.405670
0.405670
0.415445
0.420332
0.400782
0.405670
0.410557
0.405670