0.425220
0.469208
0.522972
0.508309
0.478983
0.459433
0.449658
0.454545
0.444770
0.513196
0.581623
0.557185
0.640274
0.835777
0.835777
0.806452
0.723363
0.738025
0.650049
0.640274
0.659824
0.610948
0.562072
0.571848
0.664712
0.723363
0.904203
1.006843
1.344086
1.153470
0.894428
0.899316
0.772239
0.708700
0.992180
1.085044
1.476051
1.192571
0.850440
0.879765
0.684262
0.659824
1.466276
1.803519
1.598240
1.485826
1.133920
1.055718
0.855327
0.669599
0.601173
0.522972
0.513196
0.488759
0.478983
0.483871
0.483871
0.478983
0.474096
0.469208
0.454545
0.449658
0.439883
0.444770
0.434995
0.454545
0.439883
0.464321
0.459433
0.449658
0.469208
0.454545
0.439883
0.449658
0.444770
0.439883
0.430108
0.464321
0.454545
0.464321
0.464321
0.459433
0.459433
0.444770
0.449658
0.449658
0.449658
0.459433
0.469208
0.469208
0.464321
0.474096
0.459433
0.464321
0.454545
0.464321
0.464321
0.464321
0.464321
0.449658
0.459433
0.459433
0.449658
0.444770
0.464321
0.434995
0.459433
0.439883
0.459433
0.454545
0.439883
0.444770
0.439883
0.449658
0.430108
0.430108
0.444770
0.454545
0.464321
0.444770
0.464321
0.444770
0.449658
0.454545
0.454545
0.454545
0.434995
0.454545
0.444770
0.444770
0.459433
0.454545
0.459433
0.449658
0.449658
0.444770
0.430108
0.449658
0.439883
0.444770
0.444770
0.474096
0.449658
0.459433
0.449658
0.464321
0.464321
0.459433
0.459433
0.464321
0.459433
0.444770
0.444770
0.464321
0.449658
0.454545
0.464321
0.474096
0.464321
0.474096