0.459433
0.469208
0.454545
0.464321
0.493646
0.464321
0.469208
0.454545
0.454545
0.474096
0.459433
0.459433
0.464321
0.483871
0.762463
0.601173
0.557185
0.576735
0.532747
1.485826
1.319648
0.987292
0.708700
0.703812
0.689150
1.124145
1.539589
1.241447
0.962854
0.723363
0.728250
0.635386
1.754643
1.573803
1.060606
0.879765
0.738025
0.645161
0.576735
0.503421
0.498534
0.483871
0.537634
0.493646
0.503421
0.508309
0.522972
0.474096
0.518084
0.488759
0.503421
0.508309
0.522972
0.527859
0.527859
0.518084
0.493646
0.503421
0.474096
0.542522
0.503421
0.518084
0.493646
0.552297
0.503421
0.532747
0.518084
0.503421
0.503421
0.518084
0.513196
0.478983
0.513196
0.498534
0.498534
0.474096
0.498534
0.459433
0.464321
0.474096
0.478983
0.503421
0.474096
0.478983
0.483871
0.469208
0.469208
0.454545
0.474096
0.459433
0.449658
0.449658
0.474096
0.474096
0.449658
0.459433
0.483871
0.449658
0.434995
0.469208
0.464321
0.469208
0.469208
0.464321
0.449658
0.454545
0.493646
0.503421
0.483871
0.488759
0.513196
0.518084
0.503421
0.503421
0.508309
0.518084
0.498534
0.537634
0.503421
0.522972
0.498534
0.498534
0.488759
0.493646
0.469208
0.498534
0.518084
0.498534
0.513196
0.503421
0.474096
0.474096
0.483871
0.469208
0.483871
0.469208
0.459433
0.493646
0.483871
0.469208
0.464321
0.459433
0.503421
0.508309
0.493646
0.493646
0.483871
0.508309
0.503421
0.527859
0.522972
0.518084
0.513196
0.498534
0.493646
0.542522
0.508309
0.508309
0.532747
0.493646