0.415445
0.405670
0.425220
0.478983
0.444770
0.430108
0.386119
0.391007
0.415445
0.439883
0.454545
0.425220
0.395894
0.420332
0.420332
0.420332
0.449658
0.449658
0.425220
0.415445
0.420332
0.415445
0.425220
0.405670
0.454545
0.415445
0.420332
0.459433
0.391007
0.386119
0.410557
0.537634
0.518084
0.439883
0.381232
0.420332
0.376344
0.371457
0.386119
0.391007
0.400782
0.439883
0.395894
0.415445
0.376344
0.361681
0.391007
0.405670
0.635386
0.752688
0.757576
0.571848
0.718475
0.650049
0.610948
0.591398
0.610948
0.527859
0.542522
0.469208
0.493646
0.464321
0.503421
0.508309
0.464321
0.449658
0.552297
1.402737
1.304985
1.148583
1.495601
1.515152
1.202346
3.875855
4.775171
4.775171
3.875855
3.049853
2.825024
2.624633
2.248289
1.813294
1.676442
1.529814
1.368524
1.221896
1.119257
0.982405
0.855327
0.742913
0.664712
0.571848
0.542522
0.498534
0.439883
0.498534
0.469208
0.850440
0.625611
0.513196
0.586510
0.527859
0.566960
0.562072
0.659824
0.816227
0.615836
0.537634
0.439883
0.483871
0.469208
0.488759
0.444770
0.527859
0.498534
0.459433
0.478983
0.478983
0.508309
0.542522
0.586510
0.581623
0.586510
0.518084
0.498534
0.576735
0.635386
0.527859
0.527859
0.478983
0.454545
0.449658
0.488759
0.474096
0.552297
0.444770
0.483871
0.552297
0.527859
0.625611
0.552297
0.566960
0.591398
0.542522
0.650049
0.527859
0.498534
0.527859
0.508309
0.606061
0.606061
0.571848
0.571848
0.562072
0.532747
0.522972
0.464321
0.532747
0.630499
0.635386