0.938416
0.762463
0.635386
0.522972
0.439883
0.386119
0.347019
0.342131
0.351906
0.356794
0.356794
0.356794
0.356794
0.361681
0.361681
0.356794
0.356794
0.356794
0.356794
0.356794
0.356794
0.356794
0.342131
0.337243
0.347019
0.332356
0.322581
0.342131
0.351906
0.351906
0.351906
0.356794
0.347019
0.342131
0.351906
0.347019
0.351906
0.351906
0.356794
0.356794
0.356794
0.356794
0.356794
0.356794
0.356794
0.356794
0.356794
0.356794
0.356794
0.356794
0.351906
0.356794
0.351906
0.351906
0.351906
0.356794
0.371457
0.347019
0.351906
0.488759
0.596285
0.674487
0.596285
0.537634
0.498534
0.478983
0.439883
0.420332
0.444770
0.405670
0.400782
0.386119
0.391007
0.410557
0.400782
0.381232
0.376344
0.361681
0.356794
0.356794
0.356794
0.361681
0.366569
0.371457
0.371457
0.376344
0.376344
0.366569
0.356794
0.366569
0.381232
0.351906
0.347019
0.351906
0.347019
0.351906
0.351906
0.356794
0.356794
0.332356
0.342131
0.342131
0.347019
0.356794
0.347019
0.347019
0.351906
0.351906
0.351906
0.347019
0.356794
0.356794
0.351906
0.581623
0.869990
1.085044
1.256109
1.202346
1.041056
0.830890
1.446725
2.795699
3.132942
2.292278
1.231672
0.757576
0.850440
0.723363
0.571848
0.742913
0.913978
1.182796
1.329423
1.368524
1.265885
1.168133
1.192571
1.388074
1.451613
1.456500
1.358749
1.280547
1.148583
0.967742
0.840665
0.659824
0.527859
0.430108
0.386119
0.361681
0.454545
0.532747
0.645161
0.679374
0.791789
1.080156
1.089932
0.972630
1.744868
2.448680