0.865103
0.943304
0.845552
0.850440
0.928641
0.782014
0.874878
0.992180
0.733138
0.962854
1.070381
1.011730
0.796676
0.938416
0.977517
0.874878
1.055718
1.021505
1.173021
0.977517
1.021505
0.923754
0.928641
0.806452
0.796676
0.782014
0.747801
0.855327
0.811339
0.782014
0.909091
0.816227
0.742913
1.021505
1.226784
1.177908
1.109482
1.021505
0.879765
0.874878
0.669599
0.669599
2.047898
2.478006
1.666667
1.045943
0.752688
0.689150
0.679374
0.659824
1.256109
1.314761
2.311828
1.906158
1.329423
0.796676
0.625611
0.596285
0.601173
1.559140
1.652004
1.524927
1.427175
1.427175
1.265885
1.124145
1.182796
0.874878
0.889541
1.031281
0.840665
0.987292
0.855327
0.953079
1.124145
1.085044
0.855327
1.011730
0.855327
0.904203
0.835777
1.055718
0.948192
1.089932
1.085044
0.977517
0.772239
0.659824
0.674487
0.855327
0.879765
0.762463
0.772239
0.772239
0.953079
0.913978
0.659824
0.757576
0.713587
0.630499
0.576735
0.645161
0.738025
0.723363
0.703812
0.786901
0.674487
0.689150
0.796676
0.694037
0.635386
0.684262
0.674487
0.684262
0.689150
0.689150
0.650049
0.654936
0.659824
0.752688
0.689150
0.733138
0.698925
0.718475
0.703812
0.630499
0.674487
0.782014
0.733138
0.684262
0.762463
0.635386
0.640274
0.689150
0.640274
0.713587
0.782014
0.713587
0.708700
0.718475
0.640274
0.703812
0.601173
0.752688
0.635386
0.674487
0.767351
0.694037
0.703812
0.733138
0.747801
0.674487
0.733138
0.669599
0.728250
0.659824
0.684262
0.772239
0.742913
0.713587