0.356794
0.361681
0.361681
0.356794
0.356794
0.356794
0.356794
0.356794
0.351906
0.351906
0.356794
0.356794
0.356794
0.356794
0.356794
0.351906
0.356794
0.356794
0.356794
0.356794
0.356794
0.356794
0.356794
0.356794
0.356794
0.356794
0.356794
0.356794
0.356794
0.356794
0.347019
0.347019
0.351906
0.356794
0.361681
0.361681
0.361681
0.361681
0.361681
0.356794
0.356794
0.356794
0.361681
0.356794
0.361681
0.356794
0.356794
0.356794
0.356794
0.356794
0.356794
0.356794
0.835777
0.742913
0.913978
0.982405
0.762463
0.513196
0.689150
0.640274
0.488759
0.434995
0.386119
0.483871
0.405670
0.391007
0.591398
0.503421
0.625611
0.664712
0.650049
0.610948
0.562072
0.503421
0.459433
0.474096
0.483871
0.400782
0.371457
0.537634
0.659824
0.674487
0.601173
0.596285
0.508309
0.415445
0.371457
0.361681
0.356794
0.356794
0.356794
0.356794
0.361681
0.474096
0.645161
0.742913
0.708700
0.640274
0.620723
0.566960
0.615836
0.610948
0.576735
0.522972
0.444770
0.962854
1.114370
0.757576
0.674487
1.001955
1.520039
1.446725
1.295210
1.080156
1.847507
4.770283
4.770283
4.770283
3.607038
1.871945
1.906158
1.867058
2.062561
1.681329
1.627566
1.515152
1.368524
1.427175
1.173021
0.953079
0.850440
0.698925
0.483871
0.395894
0.371457
0.361681
0.356794
0.356794
0.347019
0.351906
0.356794
0.356794
0.356794
0.356794
0.356794
0.356794
0.361681
0.356794
0.361681
0.361681
0.356794
0.356794
0.361681
0.356794
0.356794
0.361681
0.356794
0.361681
0.400782
0.488759