1.114370
1.055718
0.987292
0.869990
0.777126
0.694037
0.591398
0.542522
0.542522
0.449658
0.381232
0.366569
0.361681
0.356794
0.356794
0.356794
0.366569
0.361681
0.356794
0.337243
0.361681
0.391007
0.371457
0.381232
0.371457
0.415445
0.434995
0.371457
0.327468
0.351906
0.356794
0.322581
0.351906
0.351906
0.454545
0.625611
0.625611
0.625611
0.635386
0.684262
1.011730
0.962854
0.865103
0.684262
0.782014
0.728250
0.625611
0.757576
0.601173
0.728250
0.596285
0.522972
1.006843
1.842620
2.321603
2.629521
3.377322
3.602151
4.384164
4.775171
4.775171
4.775171
4.775171
2.585533
2.116325
2.727273
3.406647
4.002933
3.866080
3.861193
3.587488
3.147605
2.820137
2.350929
2.091887
1.832845
1.559140
1.451613
1.251222
0.909091
0.772239
0.669599
0.557185
0.542522
0.430108
0.459433
0.601173
0.547410
0.430108
0.557185
0.547410
0.542522
0.498534
0.454545
0.503421
0.581623
0.552297
0.557185
0.522972
0.542522
0.547410
0.591398
0.547410
0.434995
0.518084
0.478983
0.527859
0.513196
0.503421
0.430108
0.552297
0.532747
0.439883
0.415445
0.454545
0.547410
0.581623
0.488759
0.454545
0.439883
0.542522
0.581623
0.444770
0.444770
0.493646
0.469208
0.415445
0.503421
0.488759
0.532747
0.503421
0.474096
0.449658
0.420332
0.488759
0.518084
0.488759
0.469208
0.566960
0.610948
0.464321
0.630499
0.674487
0.557185
0.557185
0.562072
0.557185
0.464321
0.527859
0.498534
0.483871
0.478983
0.449658
0.513196
0.527859
0.571848
0.469208
0.454545
0.430108
0.469208