0.351906
0.347019
0.351906
0.351906
0.405670
0.391007
0.493646
0.391007
0.376344
0.439883
0.581623
0.562072
0.405670
0.376344
0.351906
0.342131
0.366569
0.347019
0.361681
0.347019
0.361681
0.351906
0.337243
0.356794
0.347019
0.347019
0.347019
0.356794
0.342131
0.351906
0.342131
0.342131
0.337243
0.356794
0.391007
0.503421
0.635386
0.654936
0.625611
0.786901
0.850440
0.738025
0.664712
0.615836
0.508309
0.625611
0.703812
0.615836
0.552297
0.469208
0.478983
0.488759
0.620723
1.637341
1.847507
1.217009
0.884653
0.684262
0.527859
0.449658
0.513196
0.557185
1.422287
1.045943
0.899316
0.860215
0.918866
0.957967
0.669599
0.518084
0.434995
0.434995
0.488759
0.938416
1.260997
1.129032
0.747801
0.596285
0.733138
0.503421
0.415445
0.376344
0.356794
0.351906
0.342131
0.347019
0.356794
0.342131
0.347019
0.337243
0.342131
0.332356
0.332356
0.337243
0.332356
0.332356
0.337243
0.332356
0.332356
0.337243
0.342131
0.337243
0.337243
0.332356
0.332356
0.332356
0.332356
0.327468
0.337243
0.342131
0.347019
0.361681
0.361681
0.356794
0.351906
0.347019
0.337243
0.337243
0.342131
0.351906
0.347019
0.351906
0.351906
0.351906
0.347019
0.347019
0.342131
0.332356
0.337243
0.327468
0.332356
0.327468
0.332356
0.332356
0.332356
0.327468
0.332356
0.327468
0.327468
0.332356
0.337243
0.332356
0.342131
0.332356
0.337243
0.332356
0.332356
0.332356
0.332356
0.332356
0.327468
0.337243
0.342131
0.332356
0.337243
0.342131
0.337243
0.337243
0.337243
0.337243