0.434995
0.420332
0.434995
0.508309
0.498534
0.537634
0.488759
0.434995
0.410557
0.415445
0.405670
0.405670
0.410557
0.439883
0.566960
0.650049
0.620723
0.596285
0.581623
0.659824
0.542522
0.532747
0.547410
0.522972
0.508309
0.591398
0.610948
0.620723
0.552297
0.503421
0.772239
1.417400
1.392962
1.055718
0.796676
0.650049
0.747801
1.388074
1.168133
1.109482
0.782014
0.742913
0.659824
1.275660
1.129032
1.275660
0.962854
0.830890
0.860215
0.865103
0.816227
0.640274
0.571848
0.542522
0.508309
0.474096
0.488759
0.488759
0.469208
0.498534
0.483871
0.503421
0.513196
0.483871
0.459433
0.478983
0.483871
0.469208
0.493646
0.508309
0.498534
0.508309
0.498534
0.483871
0.478983
0.469208
0.469208
0.469208
0.478983
0.464321
0.474096
0.498534
0.474096
0.493646
0.459433
0.474096
0.464321
0.469208
0.464321
0.488759
0.469208
0.498534
0.469208
0.459433
0.488759
0.474096
0.474096
0.454545
0.459433
0.459433
0.454545
0.459433
0.459433
0.488759
0.474096
0.503421
0.449658
0.454545
0.439883
0.464321
0.469208
0.478983
0.449658
0.459433
0.444770
0.449658
0.444770
0.434995
0.449658
0.439883
0.459433
0.439883
0.454545
0.434995
0.439883
0.430108
0.449658
0.434995
0.464321
0.434995
0.469208
0.444770
0.454545
0.444770
0.459433
0.444770
0.430108
0.425220
0.459433
0.454545
0.459433
0.439883
0.444770
0.444770
0.415445
0.430108
0.454545
0.449658
0.439883
0.444770
0.459433
0.434995
0.478983
0.464321
0.469208
0.474096
0.444770
0.483871
0.454545
0.449658