0.356794
0.356794
0.356794
0.356794
0.356794
0.356794
0.356794
0.356794
0.351906
0.351906
0.351906
0.356794
0.351906
0.351906
0.351906
0.351906
0.351906
0.351906
0.351906
0.351906
0.351906
0.351906
0.351906
0.356794
0.356794
0.356794
0.356794
0.356794
0.356794
0.356794
0.356794
0.356794
0.356794
0.356794
0.356794
0.356794
0.356794
0.356794
0.356794
0.356794
0.356794
0.356794
0.356794
0.351906
0.356794
0.356794
0.356794
0.356794
0.356794
0.356794
0.356794
0.356794
0.356794
0.356794
0.356794
0.356794
0.356794
0.356794
0.356794
0.356794
0.356794
0.356794
0.356794
0.356794
0.356794
0.356794
0.356794
0.356794
0.356794
0.356794
0.356794
0.356794
0.356794
0.356794
0.356794
0.356794
0.356794
0.356794
0.356794
0.356794
0.356794
0.356794
0.356794
0.356794
0.356794
0.356794
0.356794
0.356794
0.356794
0.356794
0.356794
0.356794
0.356794
0.356794
0.356794
0.361681
0.356794
0.356794
0.381232
0.474096
0.610948
0.537634
0.645161
0.713587
0.713587
0.684262
0.899316
1.652004
2.829912
2.204301
1.529814
2.790811
4.775171
4.770283
2.741935
1.808407
1.368524
1.226784
1.070381
1.050831
0.855327
0.728250
0.664712
0.610948
0.547410
0.454545
0.405670
0.376344
0.347019
0.317693
0.307918
0.347019
0.351906
0.351906
0.356794
0.356794
0.356794
0.356794
0.351906
0.351906
0.351906
0.351906
0.356794
0.351906
0.356794
0.356794
0.356794
0.356794
0.356794
0.356794
0.356794
0.356794
0.356794
0.356794
0.356794
0.356794
0.356794
0.356794
0.361681
0.356794