0.537634
0.483871
0.444770
0.464321
0.430108
0.449658
0.464321
0.444770
0.395894
0.376344
0.425220
0.503421
0.782014
0.933529
0.879765
0.782014
0.659824
0.586510
0.522972
0.522972
0.522972
0.522972
0.532747
0.503421
0.454545
0.434995
0.434995
0.474096
0.449658
0.459433
0.469208
0.474096
0.464321
0.474096
0.474096
0.459433
0.449658
0.483871
0.586510
0.591398
0.562072
0.532747
0.527859
0.522972
0.664712
1.304985
1.505376
1.202346
0.879765
0.767351
0.615836
0.669599
0.742913
1.006843
1.011730
1.226784
1.182796
0.894428
0.689150
0.635386
0.708700
0.718475
0.723363
0.601173
0.718475
0.987292
1.041056
1.148583
1.016618
1.495601
1.246334
1.148583
1.192571
1.094819
0.850440
0.918866
0.762463
0.576735
0.576735
0.610948
0.581623
0.537634
0.562072
0.542522
0.508309
0.498534
0.645161
0.562072
0.518084
0.674487
0.659824
0.615836
0.542522
0.586510
0.547410
0.478983
0.566960
0.527859
0.474096
0.522972
0.576735
0.581623
0.581623
0.552297
0.522972
0.532747
0.518084
0.503421
0.527859
0.488759
0.508309
0.542522
0.508309
0.586510
0.513196
0.537634
0.518084
0.498534
0.488759
0.483871
0.469208
0.552297
0.522972
0.503421
0.552297
0.586510
0.552297
0.576735
0.620723
0.522972
0.493646
0.518084
0.483871
0.547410
0.503421
0.503421
0.601173
0.527859
0.571848
0.527859
0.527859
0.518084
0.581623
0.503421
0.498534
0.581623
0.513196
0.474096
0.488759
0.527859
0.488759
0.591398
0.547410
0.527859
0.532747
0.522972
0.493646
0.547410
0.576735
0.508309