0.772239
0.762463
0.772239
0.757576
0.669599
0.742913
0.772239
0.703812
0.654936
0.674487
0.865103
0.801564
0.884653
0.904203
1.158358
0.967742
0.786901
0.845552
0.703812
0.718475
0.840665
0.923754
0.811339
0.816227
0.957967
1.031281
0.904203
0.977517
0.855327
0.791789
0.659824
0.601173
0.620723
0.615836
1.652004
1.862170
1.217009
0.869990
0.713587
0.625611
0.576735
0.923754
0.977517
1.427175
1.094819
0.835777
0.650049
0.738025
0.826002
1.256109
1.539589
1.099707
1.915934
1.378299
0.913978
1.143695
0.845552
0.625611
0.571848
0.601173
0.557185
0.557185
0.571848
0.547410
0.566960
0.542522
0.552297
0.527859
0.566960
0.552297
0.527859
0.508309
0.513196
0.513196
0.513196
0.552297
0.581623
0.527859
0.488759
0.498534
0.493646
0.493646
0.478983
0.464321
0.469208
0.454545
0.459433
0.449658
0.444770
0.454545
0.478983
0.532747
0.518084
0.518084
0.513196
0.503421
0.508309
0.503421
0.503421
0.542522
0.537634
0.601173
0.606061
0.566960
0.518084
0.508309
0.498534
0.503421
0.503421
0.547410
0.527859
0.518084
0.513196
0.532747
0.537634
0.527859
0.518084
0.527859
0.518084
0.537634
0.537634
0.547410
0.537634
0.542522
0.542522
0.542522
0.518084
0.532747
0.537634
0.552297
0.537634
0.552297
0.606061
0.527859
0.571848
0.557185
0.547410
0.557185
0.547410
0.576735
0.552297
0.586510
0.654936
0.571848
0.547410
0.547410
0.527859
0.562072
0.527859
0.571848
0.527859
0.527859
0.557185
0.522972
0.522972
0.532747
0.518084
0.518084
0.518084
0.508309