0.635386
0.625611
0.576735
0.547410
0.547410
0.518084
0.474096
0.439883
0.410557
0.381232
0.356794
0.342131
0.356794
0.332356
0.351906
0.356794
0.361681
0.356794
0.361681
0.356794
0.356794
0.356794
0.361681
0.361681
0.356794
0.361681
0.356794
0.356794
0.356794
0.356794
0.356794
0.361681
0.356794
0.356794
0.356794
0.356794
0.356794
0.356794
0.356794
0.356794
0.356794
0.356794
0.356794
0.356794
0.356794
0.356794
0.356794
0.356794
0.356794
0.356794
0.356794
0.356794
0.356794
0.356794
0.356794
0.356794
0.356794
0.356794
0.356794
0.356794
0.356794
0.356794
0.356794
0.356794
0.356794
0.356794
0.356794
0.356794
0.356794
0.356794
0.356794
0.356794
0.356794
0.356794
0.356794
0.356794
0.356794
0.356794
0.356794
0.586510
0.967742
0.738025
0.532747
1.837732
3.162268
2.556207
1.632454
2.341153
2.292278
1.515152
1.495601
1.153470
0.830890
0.962854
0.806452
0.664712
0.571848
0.669599
0.664712
0.459433
0.547410
0.620723
0.542522
0.488759
0.498534
0.508309
0.449658
0.508309
0.586510
0.522972
0.454545
0.493646
0.425220
0.395894
0.552297
0.654936
0.522972
0.469208
0.562072
0.434995
0.381232
0.503421
0.522972
0.557185
0.420332
0.552297
0.596285
0.434995
0.376344
0.635386
0.659824
0.508309
0.488759
0.552297
0.469208
0.635386
0.694037
0.625611
0.664712
0.698925
0.772239
0.713587
0.591398
0.469208
0.391007
0.371457
0.361681
0.356794
0.356794
0.356794
0.361681
0.356794
0.327468
0.307918
0.337243
0.351906
0.356794
0.361681
0.347019
0.434995