0.615836
0.610948
0.615836
0.606061
0.601173
0.596285
0.610948
0.630499
0.610948
0.601173
0.650049
0.689150
0.708700
0.659824
0.625611
0.786901
1.466276
2.096774
2.243402
2.326491
1.955034
1.788856
1.637341
1.207234
1.026393
0.884653
0.987292
1.026393
0.811339
0.742913
0.713587
0.654936
0.659824
0.830890
0.757576
1.158358
1.466276
1.163245
0.957967
0.855327
0.811339
0.777126
0.874878
0.811339
1.124145
1.749756
1.915934
1.661779
1.099707
1.290323
1.842620
1.739980
1.544477
1.256109
1.016618
1.549365
1.490714
1.065494
0.909091
0.830890
1.207234
1.383187
1.407625
1.231672
0.874878
1.397849
1.715543
1.617791
1.461388
1.388074
1.314761
1.133920
1.045943
0.923754
0.747801
0.640274
0.615836
0.620723
0.610948
0.596285
0.596285
0.606061
0.615836
0.620723
0.606061
0.610948
0.610948
0.625611
0.650049
0.654936
0.664712
0.674487
0.669599
0.689150
0.708700
0.698925
0.694037
0.664712
0.664712
0.640274
0.620723
0.606061
0.601173
0.610948
0.689150
0.723363
0.698925
0.796676
0.865103
0.865103
0.884653
0.869990
0.835777
0.747801
0.689150
0.650049
0.659824
0.664712
0.645161
0.625611
0.625611
0.615836
0.586510
0.615836
0.659824
0.659824
0.635386
0.615836
0.601173
0.615836
0.674487
0.708700
0.650049
0.630499
0.654936
0.654936
0.630499
0.630499
0.606061
0.606061
0.596285
0.601173
0.615836
0.620723
0.620723
0.620723
0.606061
0.630499
0.640274
0.635386
0.620723
0.674487
0.674487
0.698925
0.762463
0.782014
0.723363
0.738025
0.791789
0.757576