0.356794
0.356794
0.356794
0.356794
0.356794
0.337243
0.317693
0.342131
0.351906
0.351906
0.356794
0.356794
0.356794
0.381232
0.537634
0.498534
0.430108
0.454545
0.615836
0.742913
0.596285
0.645161
0.684262
0.772239
0.874878
0.909091
0.796676
0.747801
0.938416
0.933529
0.840665
0.650049
0.703812
0.772239
0.933529
0.874878
1.021505
0.777126
0.821114
0.684262
0.664712
0.899316
0.708700
1.339198
1.950147
1.871945
1.862170
1.539589
3.294233
4.770283
4.770283
4.775171
3.440860
3.088954
3.538612
3.435973
3.000978
2.419355
1.857283
1.427175
1.231672
1.353861
1.446725
1.695992
1.827957
1.348974
1.241447
2.072336
4.770283
4.770283
4.770283
2.331378
2.297165
2.458456
2.375367
2.306940
1.686217
1.319648
1.085044
0.904203
0.772239
0.674487
0.576735
0.513196
0.459433
0.434995
0.425220
0.356794
0.337243
0.337243
0.317693
0.332356
0.351906
0.356794
0.347019
0.351906
0.347019
0.342131
0.327468
0.332356
0.351906
0.356794
0.356794
0.356794
0.356794
0.356794
0.361681
0.347019
0.351906
0.356794
0.356794
0.356794
0.356794
0.356794
0.356794
0.356794
0.356794
0.356794
0.356794
0.356794
0.356794
0.356794
0.356794
0.356794
0.356794
0.356794
0.356794
0.356794
0.356794
0.356794
0.356794
0.356794
0.351906
0.356794
0.356794
0.356794
0.356794
0.356794
0.351906
0.356794
0.351906
0.356794
0.356794
0.351906
0.356794
0.356794
0.356794
0.356794
0.356794
0.356794
0.356794
0.356794
0.356794
0.356794
0.356794
0.356794
0.356794
0.356794
0.356794
0.356794