0.361681
0.371457
0.386119
0.371457
0.371457
0.371457
0.356794
0.371457
0.356794
0.386119
0.366569
0.371457
0.361681
0.366569
0.361681
0.361681
0.356794
0.366569
0.391007
0.371457
0.371457
0.356794
0.356794
0.366569
0.366569
0.391007
0.366569
0.356794
0.361681
0.366569
0.371457
0.371457
0.356794
0.356794
0.356794
0.351906
0.371457
0.376344
0.366569
0.381232
0.449658
0.606061
0.782014
0.869990
0.909091
0.869990
0.943304
2.121212
4.359726
4.765396
3.044966
1.891496
2.487781
2.639296
2.077224
1.730205
1.383187
1.089932
0.918866
0.762463
0.689150
0.640274
0.571848
0.493646
0.498534
0.469208
0.493646
0.444770
0.430108
0.488759
0.444770
0.459433
0.439883
0.454545
0.415445
0.400782
0.366569
0.420332
0.381232
0.420332
0.391007
0.405670
0.371457
0.444770
0.395894
0.430108
0.474096
0.513196
0.503421
0.542522
0.522972
0.503421
0.454545
0.474096
0.488759
0.459433
0.400782
0.425220
0.381232
0.410557
0.434995
0.469208
0.474096
0.586510
0.615836
0.557185
0.503421
0.527859
0.571848
0.645161
0.620723
0.601173
0.591398
0.650049
0.591398
0.615836
0.625611
0.557185
0.601173
0.591398
0.591398
0.591398
0.586510
0.640274
0.669599
0.689150
0.703812
0.689150
0.659824
0.635386
0.591398
0.552297
0.503421
0.469208
0.454545
0.449658
0.459433
0.449658
0.434995
0.400782
0.410557
0.405670
0.391007
0.410557
0.430108
0.371457
0.361681
0.386119
0.356794
0.342131
0.342131
0.342131
0.356794
0.351906
0.327468
0.317693
0.307918
0.303030
0.317693
0.312805