0.464321
0.474096
0.557185
0.581623
0.557185
0.596285
0.596285
0.708700
0.703812
0.645161
0.865103
1.021505
0.904203
0.791789
0.762463
0.674487
0.752688
0.801564
0.610948
0.703812
1.104594
1.451613
1.114370
0.777126
0.723363
0.610948
0.566960
1.031281
1.202346
1.089932
0.826002
0.845552
0.948192
0.674487
0.728250
0.733138
0.674487
1.168133
1.060606
1.446725
1.363636
0.899316
1.050831
0.977517
0.855327
0.840665
0.928641
0.698925
0.566960
0.547410
0.474096
0.478983
0.474096
0.483871
0.454545
0.439883
0.430108
0.454545
0.439883
0.459433
0.478983
0.459433
0.454545
0.444770
0.434995
0.493646
0.459433
0.464321
0.454545
0.464321
0.439883
0.522972
0.454545
0.498534
0.522972
0.562072
0.522972
0.518084
0.566960
0.591398
0.527859
0.532747
0.464321
0.478983
0.508309
0.478983
0.483871
0.493646
0.542522
0.488759
0.518084
0.483871
0.552297
0.542522
0.537634
0.606061
0.552297
0.562072
0.527859
0.542522
0.576735
0.522972
0.527859
0.518084
0.522972
0.498534
0.503421
0.532747
0.576735
0.562072
0.498534
0.498534
0.552297
0.522972
0.488759
0.474096
0.454545
0.498534
0.483871
0.469208
0.459433
0.488759
0.474096
0.483871
0.459433
0.488759
0.478983
0.474096
0.439883
0.449658
0.478983
0.474096
0.464321
0.483871
0.449658
0.459433
0.498534
0.464321
0.464321
0.459433
0.483871
0.459433
0.459433
0.478983
0.459433
0.459433
0.459433
0.454545
0.430108
0.454545
0.439883
0.449658
0.434995
0.449658
0.434995
0.434995
0.430108
0.454545
0.439883
0.425220