1.549365
1.319648
1.246334
1.016618
0.967742
0.855327
0.850440
0.835777
0.899316
0.845552
0.738025
0.752688
0.586510
0.650049
0.772239
0.645161
0.664712
0.596285
0.571848
0.581623
0.591398
0.684262
0.703812
0.674487
0.640274
0.728250
0.610948
0.571848
0.610948
0.522972
0.703812
0.913978
0.723363
0.689150
0.659824
0.752688
1.876833
1.842620
2.126100
1.695992
4.775171
4.775171
4.775171
4.775171
3.831867
3.695015
3.704790
3.919844
3.519062
3.025415
2.624633
2.282502
2.018573
1.793744
1.593353
1.427175
1.241447
1.094819
0.962854
0.850440
0.742913
0.645161
0.532747
0.469208
0.381232
0.342131
0.317693
0.337243
0.351906
0.361681
0.361681
0.361681
0.361681
0.361681
0.356794
0.356794
0.361681
0.356794
0.356794
0.356794
0.361681
0.361681
0.356794
0.356794
0.356794
0.356794
0.356794
0.356794
0.356794
0.356794
0.361681
0.356794
0.361681
0.356794
0.356794
0.356794
0.356794
0.332356
0.347019
0.351906
0.356794
0.356794
0.356794
0.356794
0.356794
0.356794
0.361681
0.356794
0.356794
0.356794
0.356794
0.356794
0.356794
0.356794
0.356794
0.356794
0.356794
0.356794
0.356794
0.356794
0.356794
0.356794
0.356794
0.356794
0.356794
0.361681
0.356794
0.361681
0.361681
0.356794
0.356794
0.356794
0.356794
0.356794
0.356794
0.356794
0.356794
0.356794
0.356794
0.356794
0.356794
0.356794
0.356794
0.356794
0.356794
0.356794
0.356794
0.356794
0.356794
0.356794
0.439883
0.381232
0.366569
0.361681
0.361681
0.361681
0.361681
0.356794
0.356794
0.356794