0.361681
0.351906
0.351906
0.347019
0.342131
0.342131
0.351906
0.347019
0.351906
0.356794
0.356794
0.356794
0.356794
0.356794
0.351906
0.351906
0.351906
0.356794
0.356794
0.356794
0.356794
0.351906
0.356794
0.351906
0.351906
0.351906
0.356794
0.391007
0.410557
0.351906
0.327468
0.337243
0.342131
0.351906
0.351906
0.356794
0.356794
0.356794
0.356794
0.356794
0.356794
0.356794
0.351906
0.351906
0.351906
0.351906
0.356794
0.356794
0.356794
0.356794
0.356794
0.356794
0.356794
0.356794
0.356794
0.356794
0.356794
0.356794
0.356794
0.547410
0.478983
0.405670
0.503421
0.415445
0.381232
0.366569
0.361681
0.361681
0.361681
0.361681
0.356794
0.361681
0.356794
0.356794
0.356794
0.356794
0.356794
0.356794
0.356794
0.356794
0.361681
0.356794
0.356794
0.356794
0.356794
0.356794
0.356794
0.356794
0.356794
0.356794
0.356794
0.356794
0.356794
0.356794
0.351906
0.361681
0.356794
0.351906
0.351906
0.351906
0.356794
0.356794
0.356794
0.356794
0.434995
0.772239
1.177908
1.304985
2.453568
3.206256
2.771261
2.316716
2.448680
2.908113
2.727273
2.209189
1.236559
0.992180
1.050831
1.109482
1.392962
1.368524
1.446725
1.358749
1.246334
1.124145
0.948192
0.811339
0.684262
0.576735
0.498534
0.434995
0.376344
0.351906
0.347019
0.351906
0.351906
0.356794
0.356794
0.356794
0.356794
0.356794
0.356794
0.356794
0.356794
0.356794
0.356794
0.356794
0.351906
0.351906
0.356794
0.356794
0.356794
0.356794
0.356794
0.351906
0.356794
0.356794
0.356794
0.356794