
0.518084
0.449658
0.410557
0.386119
0.361681
0.356794
0.351906
0.347019
0.351906
0.356794
0.361681
0.361681
0.356794
0.356794
0.386119
0.425220
0.361681
0.342131
0.361681
0.347019
0.351906
0.351906
0.356794
0.356794
0.351906
0.356794
0.356794
0.356794
0.356794
0.356794
0.356794
0.356794
0.356794
0.356794
0.356794
0.356794
0.356794
0.356794
0.356794
0.542522
0.899316
1.559140
1.637341
1.304985
1.324536
2.785924
4.775171
4.775171
4.770283
4.765396
4.120235
4.325513
4.022483
3.621701
3.269795
2.961877
2.619746
2.331378
2.057674
1.808407
1.632454
1.417400
1.256109
1.114370
1.011730
0.884653
0.782014
0.728250
0.645161
0.562072
0.557185
0.469208
0.562072
0.566960
0.542522
0.415445
0.395894
0.371457
0.347019
0.386119
0.371457
0.337243
0.342131
0.332356
0.342131
0.474096
0.449658
0.371457
0.361681
0.361681
0.356794
0.356794
0.347019
0.332356
0.347019
0.356794
0.351906
0.356794
0.356794
0.356794
0.356794
0.356794
0.356794
0.356794
0.356794
0.356794
0.351906
0.351906
0.356794
0.356794
0.356794
0.356794
0.356794
0.356794
0.356794
0.356794
0.356794
0.356794
0.356794
0.356794
0.356794
0.356794
0.356794
0.356794
0.356794
0.356794
0.356794
0.356794
0.356794
0.356794
0.356794
0.356794
0.356794
0.356794
0.356794
0.356794
0.356794
0.356794
0.356794
0.361681
0.356794
0.356794
0.361681
0.356794
0.356794
0.356794
0.356794
0.356794
0.356794
0.361681
0.356794
0.361681
0.351906
0.347019
0.356794
0.356794
0.356794
0.356794
0.356794
0.356794