0.356794
0.356794
0.356794
0.361681
0.361681
0.356794
0.361681
0.356794
0.361681
0.361681
0.361681
0.356794
0.356794
0.356794
0.356794
0.356794
0.356794
0.356794
0.361681
0.356794
0.356794
0.361681
0.356794
0.356794
0.356794
0.356794
0.356794
0.356794
0.356794
0.361681
0.361681
0.356794
0.356794
0.356794
0.356794
0.361681
0.361681
0.361681
0.361681
0.361681
0.415445
0.532747
0.669599
0.606061
0.474096
0.444770
0.430108
0.410557
0.376344
0.449658
0.522972
0.625611
0.884653
1.001955
1.055718
1.441838
3.963832
4.765396
4.770283
4.770283
3.279570
3.113392
3.939394
3.954057
3.357771
2.741935
2.243402
1.857283
1.524927
1.314761
1.016618
0.840665
0.796676
0.684262
0.698925
0.576735
0.542522
0.557185
0.527859
0.562072
0.532747
0.493646
0.478983
0.459433
0.459433
0.493646
0.527859
0.488759
0.434995
0.410557
0.415445
0.503421
0.513196
0.601173
0.874878
0.518084
0.772239
0.552297
0.508309
0.645161
0.586510
0.904203
1.080156
1.329423
1.202346
1.041056
1.089932
1.080156
1.221896
1.329423
1.524927
1.871945
1.754643
1.529814
1.671554
1.568915
1.202346
1.730205
1.138807
0.874878
0.566960
0.562072
0.889541
1.212121
0.982405
0.630499
0.615836
1.119257
1.163245
0.816227
0.640274
0.601173
0.601173
0.708700
0.723363
0.537634
0.522972
0.586510
0.679374
0.801564
0.923754
0.899316
0.826002
0.821114
0.796676
0.786901
0.762463
0.728250
0.654936
0.601173
0.596285
0.571848
0.557185
0.498534
0.430108
0.395894
0.347019
0.322581
0.298143
0.298143