0.444770
0.542522
0.645161
0.650049
0.601173
0.542522
0.508309
0.449658
0.557185
0.606061
0.503421
0.483871
0.488759
0.513196
0.537634
0.513196
0.488759
0.552297
0.606061
0.518084
0.664712
0.532747
0.552297
0.576735
0.581623
0.571848
0.620723
0.576735
0.855327
0.806452
1.231672
1.500489
1.681329
1.373412
1.031281
0.742913
0.698925
0.635386
0.606061
0.967742
1.329423
1.265885
0.987292
0.889541
0.791789
0.694037
0.606061
0.669599
0.801564
1.094819
0.972630
1.129032
1.207234
1.329423
1.177908
1.153470
0.933529
0.977517
0.899316
0.645161
0.571848
0.566960
0.557185
0.488759
0.483871
0.469208
0.449658
0.459433
0.439883
0.459433
0.444770
0.474096
0.464321
0.483871
0.469208
0.483871
0.469208
0.459433
0.469208
0.498534
0.469208
0.474096
0.474096
0.493646
0.454545
0.498534
0.464321
0.469208
0.503421
0.488759
0.439883
0.474096
0.449658
0.478983
0.454545
0.459433
0.459433
0.464321
0.454545
0.444770
0.464321
0.464321
0.483871
0.454545
0.474096
0.464321
0.469208
0.464321
0.464321
0.449658
0.444770
0.434995
0.415445
0.430108
0.425220
0.425220
0.434995
0.434995
0.434995
0.439883
0.434995
0.430108
0.430108
0.439883
0.434995
0.449658
0.444770
0.434995
0.444770
0.454545
0.434995
0.464321
0.464321
0.469208
0.474096
0.449658
0.464321
0.449658
0.444770
0.439883
0.444770
0.439883
0.469208
0.464321
0.474096
0.449658
0.474096
0.483871
0.469208
0.478983
0.459433
0.459433
0.449658
0.474096
0.454545
0.474096
0.464321
0.474096
0.459433
0.474096