0.508309
0.488759
0.552297
0.552297
0.478983
0.488759
0.469208
0.488759
0.557185
0.571848
0.669599
0.698925
0.601173
0.601173
0.566960
0.547410
0.537634
0.434995
0.410557
0.425220
0.449658
0.943304
0.733138
0.713587
0.625611
0.537634
0.430108
0.400782
0.464321
0.425220
0.420332
0.718475
1.138807
1.168133
0.718475
0.689150
0.708700
0.566960
0.434995
0.439883
0.434995
0.410557
0.547410
0.762463
1.055718
0.953079
0.747801
0.811339
0.650049
0.679374
0.635386
0.630499
0.650049
0.698925
0.747801
0.703812
0.674487
0.830890
0.772239
0.581623
0.518084
0.542522
0.650049
0.659824
0.640274
0.689150
0.610948
0.562072
0.547410
0.630499
0.679374
0.635386
0.674487
0.601173
0.782014
0.674487
0.762463
0.694037
0.664712
0.654936
0.640274
0.679374
0.840665
0.757576
0.645161
0.601173
0.596285
0.527859
0.581623
0.552297
0.596285
0.576735
0.566960
0.694037
0.669599
0.664712
0.596285
0.591398
0.650049
0.645161
0.728250
0.606061
0.650049
0.562072
0.576735
0.654936
0.728250
0.703812
0.625611
0.527859
0.782014
0.733138
0.679374
0.640274
0.576735
0.635386
0.601173
0.576735
0.654936
0.674487
0.650049
0.669599
0.698925
0.752688
0.596285
0.566960
0.581623
0.537634
0.552297
0.615836
0.679374
0.650049
0.679374
0.713587
0.645161
0.650049
0.718475
0.669599
0.752688
0.782014
0.786901
0.752688
0.659824
0.664712
0.791789
0.601173
0.733138
0.684262
0.645161
0.601173
0.620723
0.596285
0.742913
0.698925
0.615836
0.650049
0.640274
0.625611
0.674487
0.801564