2.311828
2.091887
1.911046
1.769306
1.485826
1.407625
1.270772
1.280547
1.070381
1.011730
0.948192
0.943304
0.845552
0.997067
0.801564
0.835777
0.723363
0.742913
0.698925
0.811339
0.674487
0.640274
0.728250
0.664712
0.635386
0.640274
0.620723
0.591398
0.615836
0.547410
0.576735
0.581623
0.532747
0.542522
0.488759
0.537634
0.615836
0.620723
0.630499
0.606061
0.547410
0.498534
0.557185
0.630499
0.625611
0.557185
0.483871
0.571848
0.518084
0.532747
0.537634
0.469208
0.444770
0.566960
0.537634
0.493646
0.518084
0.571848
0.542522
0.625611
0.527859
0.640274
0.581623
0.625611
0.816227
0.733138
0.860215
0.542522
0.811339
1.363636
0.772239
0.796676
0.513196
0.664712
1.070381
1.001955
0.982405
1.045943
0.933529
2.145650
4.701857
4.765396
3.553275
2.130987
1.979472
1.427175
1.026393
1.011730
0.845552
0.811339
0.674487
0.654936
0.689150
0.664712
0.630499
0.713587
0.635386
0.615836
0.566960
0.615836
0.586510
0.527859
0.552297
0.640274
0.606061
0.669599
0.669599
0.596285
0.757576
0.782014
0.664712
0.586510
0.635386
0.537634
0.513196
0.601173
0.606061
0.552297
0.488759
0.591398
0.547410
0.747801
0.625611
0.508309
0.532747
0.493646
0.513196
0.537634
0.596285
0.488759
0.591398
0.000000
0.000000
0.000000
0.000000
0.000000
0.000000
0.000000
0.000000
0.000000
0.000000
0.000000
0.000000
0.000000
0.000000
0.000000
0.000000
0.000000
0.000000
0.000000
0.000000
0.000000
0.000000
0.000000
0.000000
0.000000
0.000000
0.000000
0.000000
0.000000