0.464321
0.557185
0.635386
0.606061
0.576735
0.532747
0.493646
0.537634
0.532747
0.532747
0.547410
0.532747
0.527859
0.742913
0.767351
0.586510
0.664712
0.679374
0.625611
0.591398
0.586510
0.571848
0.718475
0.645161
0.757576
1.256109
1.290323
0.811339
0.679374
0.664712
0.625611
0.645161
0.777126
1.041056
1.436950
1.104594
0.938416
0.708700
0.610948
0.674487
1.177908
1.285435
0.962854
0.742913
0.674487
0.601173
0.596285
0.552297
0.508309
0.488759
0.459433
0.493646
0.464321
0.503421
0.498534
0.488759
0.488759
0.469208
0.488759
0.474096
0.483871
0.498534
0.503421
0.518084
0.488759
0.503421
0.508309
0.483871
0.454545
0.488759
0.469208
0.464321
0.474096
0.474096
0.498534
0.464321
0.478983
0.508309
0.493646
0.518084
0.488759
0.493646
0.488759
0.474096
0.459433
0.498534
0.474096
0.488759
0.469208
0.459433
0.449658
0.478983
0.464321
0.498534
0.478983
0.498534
0.474096
0.483871
0.464321
0.483871
0.478983
0.488759
0.488759
0.469208
0.449658
0.474096
0.474096
0.478983
0.478983
0.483871
0.469208
0.493646
0.474096
0.474096
0.474096
0.483871
0.483871
0.454545
0.488759
0.478983
0.469208
0.483871
0.474096
0.464321
0.459433
0.478983
0.474096
0.464321
0.474096
0.469208
0.469208
0.464321
0.483871
0.469208
0.469208
0.464321
0.459433
0.464321
0.444770
0.483871
0.483871
0.493646
0.464321
0.469208
0.464321
0.469208
0.474096
0.469208
0.478983
0.454545
0.454545
0.474096
0.464321
0.459433
0.488759
0.474096
0.478983
0.478983
0.488759
0.513196