0.371457
0.478983
0.557185
0.527859
0.518084
0.454545
0.459433
0.478983
0.478983
0.483871
0.493646
0.835777
1.666667
1.920821
1.725318
1.119257
0.772239
0.610948
0.547410
0.571848
1.212121
1.270772
1.392962
0.972630
0.752688
0.703812
0.742913
0.552297
0.493646
0.532747
0.923754
1.221896
1.041056
1.036168
1.133920
1.050831
0.899316
0.747801
0.650049
0.518084
0.532747
0.527859
0.498534
0.527859
0.493646
0.576735
0.527859
0.503421
0.488759
0.503421
0.483871
0.478983
0.483871
0.469208
0.503421
0.503421
0.527859
0.493646
0.459433
0.518084
0.522972
0.483871
0.493646
0.474096
0.493646
0.493646
0.469208
0.488759
0.522972
0.503421
0.493646
0.532747
0.493646
0.464321
0.464321
0.488759
0.513196
0.478983
0.493646
0.449658
0.474096
0.459433
0.488759
0.522972
0.542522
0.488759
0.547410
0.532747
0.503421
0.498534
0.483871
0.508309
0.542522
0.493646
0.513196
0.508309
0.493646
0.503421
0.493646
0.503421
0.464321
0.469208
0.459433
0.532747
0.508309
0.518084
0.498534
0.483871
0.474096
0.503421
0.513196
0.503421
0.483871
0.474096
0.474096
0.483871
0.503421
0.459433
0.474096
0.474096
0.522972
0.503421
0.488759
0.498534
0.474096
0.508309
0.483871
0.518084
0.493646
0.464321
0.474096
0.498534
0.464321
0.508309
0.474096
0.493646
0.488759
0.498534
0.503421
0.474096
0.483871
0.493646
0.503421
0.542522
0.518084
0.508309
0.542522
0.478983
0.498534
0.522972
0.478983
0.474096
0.478983
0.503421
0.483871
0.474096
0.488759
0.464321
0.527859
0.469208