0.366569
0.322581
0.303030
0.322581
0.351906
0.356794
0.361681
0.361681
0.361681
0.361681
0.361681
0.361681
0.361681
0.361681
0.361681
0.361681
0.356794
0.361681
0.356794
0.356794
0.361681
0.356794
0.356794
0.361681
0.356794
0.361681
0.356794
0.361681
0.356794
0.361681
0.361681
0.361681
0.356794
0.356794
0.356794
0.356794
0.356794
0.356794
0.356794
0.356794
0.356794
0.356794
0.356794
0.356794
0.356794
0.356794
0.356794
0.356794
0.356794
0.356794
0.356794
0.356794
0.356794
0.356794
0.361681
0.420332
0.557185
0.982405
1.911046
2.179863
1.935484
2.531769
4.775171
4.775171
4.775171
3.866080
3.367546
3.225806
3.196481
2.737048
2.277615
1.979472
1.642229
1.598240
1.373412
1.168133
0.938416
0.845552
0.738025
0.635386
0.483871
0.395894
0.351906
0.332356
0.347019
0.356794
0.356794
0.361681
0.361681
0.356794
0.356794
0.356794
0.361681
0.356794
0.356794
0.356794
0.356794
0.356794
0.356794
0.361681
0.356794
0.356794
0.356794
0.356794
0.356794
0.356794
0.356794
0.356794
0.356794
0.356794
0.356794
0.356794
0.356794
0.356794
0.356794
0.361681
0.356794
0.356794
0.356794
0.361681
0.356794
0.356794
0.356794
0.356794
0.356794
0.356794
0.356794
0.356794
0.356794
0.356794
0.356794
0.356794
0.356794
0.356794
0.356794
0.356794
0.356794
0.351906
0.381232
0.337243
0.317693
0.347019
0.351906
0.312805
0.337243
0.342131
0.351906
0.356794
0.356794
0.356794
0.356794
0.356794
0.356794
0.356794
0.361681
0.356794
0.356794
0.356794
0.356794
0.356794