0.747801
0.752688
0.708700
0.694037
0.752688
0.703812
0.762463
0.821114
0.742913
0.659824
0.679374
0.694037
0.733138
0.782014
0.752688
0.698925
0.694037
0.742913
0.733138
0.752688
0.757576
0.664712
0.610948
0.659824
0.650049
1.642229
1.466276
1.534702
1.026393
1.173021
0.801564
0.684262
0.650049
0.654936
0.723363
1.050831
1.466276
1.290323
1.080156
1.075269
1.089932
0.865103
0.718475
0.723363
0.738025
0.713587
0.757576
0.757576
1.026393
1.143695
1.060606
1.099707
0.982405
0.933529
1.050831
0.889541
0.967742
0.884653
0.806452
0.894428
0.840665
0.992180
0.899316
0.869990
0.874878
0.865103
0.850440
0.850440
0.889541
0.918866
0.826002
0.777126
0.816227
0.786901
0.845552
0.899316
0.933529
0.821114
0.860215
0.860215
0.791789
0.894428
0.894428
0.899316
0.938416
0.821114
0.992180
0.967742
0.967742
0.894428
0.840665
0.855327
0.933529
0.967742
1.085044
1.148583
1.168133
1.143695
0.992180
0.928641
0.948192
0.938416
0.855327
0.845552
0.869990
1.036168
1.060606
1.026393
0.948192
0.874878
0.860215
0.889541
0.918866
0.855327
0.860215
0.801564
0.821114
1.006843
0.967742
0.894428
0.904203
1.021505
0.957967
0.884653
0.811339
0.904203
0.865103
0.962854
0.879765
0.845552
0.865103
0.909091
0.821114
0.840665
0.840665
0.782014
0.860215
1.006843
0.865103
0.835777
0.830890
0.879765
0.840665
0.869990
0.865103
0.845552
0.777126
0.747801
0.821114
0.865103
1.036168
1.075269
0.933529
0.845552
0.845552
0.752688
0.791789
0.782014
0.733138
0.767351