0.508309
0.537634
0.532747
0.518084
0.469208
0.464321
0.444770
0.449658
0.615836
0.640274
0.620723
0.606061
0.635386
0.571848
0.591398
0.615836
0.684262
0.659824
0.650049
0.698925
0.654936
0.777126
0.571848
0.581623
0.527859
0.547410
0.806452
0.728250
0.918866
0.992180
0.689150
0.606061
0.547410
0.532747
0.811339
0.772239
1.001955
1.070381
0.747801
0.615836
0.522972
0.478983
0.640274
0.830890
0.782014
0.884653
0.689150
0.601173
0.566960
0.503421
0.478983
0.474096
0.474096
0.459433
0.513196
0.464321
0.522972
0.503421
0.503421
0.464321
0.434995
0.449658
0.430108
0.434995
0.425220
0.434995
0.415445
0.439883
0.415445
0.425220
0.430108
0.415445
0.420332
0.439883
0.420332
0.434995
0.410557
0.410557
0.425220
0.420332
0.415445
0.430108
0.439883
0.415445
0.420332
0.425220
0.420332
0.425220
0.410557
0.410557
0.395894
0.410557
0.386119
0.405670
0.415445
0.420332
0.410557
0.410557
0.434995
0.410557
0.405670
0.405670
0.400782
0.410557
0.420332
0.415445
0.430108
0.420332
0.415445
0.430108
0.410557
0.430108
0.425220
0.420332
0.420332
0.420332
0.420332
0.425220
0.410557
0.420332
0.415445
0.425220
0.425220
0.420332
0.415445
0.425220
0.425220
0.415445
0.420332
0.410557
0.415445
0.405670
0.415445
0.425220
0.415445
0.430108
0.420332
0.420332
0.430108
0.400782
0.444770
0.434995
0.410557
0.425220
0.415445
0.434995
0.420332
0.439883
0.439883
0.459433
0.478983
0.449658
0.434995
0.420332
0.444770
0.434995
0.439883
0.420332
0.405670
0.420332