0.469208
0.581623
0.498534
0.527859
0.562072
0.566960
0.630499
0.571848
0.557185
0.557185
0.488759
0.434995
0.459433
0.532747
0.464321
0.493646
0.552297
0.532747
0.547410
0.493646
0.566960
0.478983
0.391007
0.371457
0.366569
0.351906
0.474096
0.557185
0.498534
0.430108
0.351906
0.356794
0.356794
0.356794
0.356794
0.356794
0.356794
0.361681
0.361681
0.356794
0.356794
0.361681
0.361681
0.361681
0.356794
0.361681
0.356794
0.356794
0.356794
0.356794
0.361681
0.356794
0.356794
0.356794
0.356794
0.361681
0.356794
0.356794
0.356794
0.356794
0.356794
0.356794
0.356794
0.356794
0.356794
0.356794
0.356794
0.356794
0.356794
0.356794
0.356794
0.356794
0.356794
0.356794
0.366569
0.625611
0.728250
0.889541
1.055718
0.953079
1.221896
0.913978
0.674487
0.650049
0.596285
0.606061
0.503421
0.581623
0.508309
0.488759
0.527859
0.557185
0.576735
0.547410
0.503421
0.796676
0.752688
0.855327
0.918866
0.889541
1.070381
4.775171
4.775171
4.775171
4.775171
4.775171
4.423265
4.423265
4.056696
3.343109
3.030303
3.186706
2.913001
2.717498
2.453568
2.228739
2.008798
1.783969
1.608016
1.456500
1.207234
1.129032
1.104594
0.913978
0.879765
0.811339
0.742913
0.645161
0.625611
0.601173
0.542522
0.953079
1.143695
1.109482
1.221896
1.094819
0.938416
0.904203
0.728250
0.694037
0.782014
0.801564
0.630499
0.586510
0.483871
0.762463
0.679374
0.586510
0.630499
0.581623
0.566960
0.527859
0.747801
0.728250
0.899316
1.055718
0.830890
0.830890
1.485826
4.775171