0.630499
0.474096
0.508309
0.503421
0.474096
0.498534
0.518084
0.478983
0.474096
0.518084
0.493646
0.547410
0.537634
0.522972
0.464321
0.425220
0.434995
0.425220
0.425220
0.405670
0.420332
0.415445
0.430108
0.410557
0.405670
0.415445
0.405670
0.400782
0.395894
0.425220
0.415445
0.439883
0.430108
0.400782
0.420332
0.410557
0.410557
0.395894
0.391007
0.381232
0.405670
0.405670
0.415445
0.405670
0.410557
0.410557
0.410557
0.395894
0.410557
0.415445
0.425220
0.454545
0.469208
0.527859
0.547410
0.659824
0.620723
0.669599
0.684262
0.586510
0.498534
0.498534
0.537634
0.532747
0.694037
1.021505
1.295210
1.348974
1.378299
0.865103
0.689150
0.718475
0.654936
0.562072
0.967742
0.992180
1.456500
0.957967
0.972630
0.747801
0.630499
0.581623
0.532747
0.674487
0.698925
0.713587
0.650049
0.957967
1.089932
1.392962
1.251222
1.173021
0.977517
1.080156
1.124145
0.826002
0.713587
0.703812
0.869990
0.689150
0.630499
0.850440
0.733138
0.791789
0.928641
0.762463
0.723363
0.625611
0.767351
0.703812
0.840665
0.923754
0.796676
0.782014
0.786901
0.752688
0.601173
0.625611
0.547410
0.562072
0.527859
0.522972
0.596285
0.566960
0.615836
0.518084
0.518084
0.469208
0.488759
0.552297
0.615836
0.566960
0.508309
0.508309
0.498534
0.478983
0.454545
0.483871
0.469208
0.464321
0.454545
0.508309
0.464321
0.434995
0.454545
0.478983
0.464321
0.459433
0.474096
0.532747
0.508309
0.464321
0.474096
0.493646
0.478983
0.439883
0.518084
0.503421
0.439883
0.518084