0.493646
0.566960
0.537634
0.537634
0.508309
0.571848
0.576735
0.606061
0.464321
0.610948
0.610948
0.562072
0.498534
0.532747
0.664712
0.527859
0.566960
0.606061
0.513196
0.474096
0.606061
0.503421
0.591398
0.552297
0.503421
0.454545
0.620723
0.606061
0.532747
0.488759
0.576735
0.513196
0.552297
0.860215
1.309873
1.617791
1.104594
0.821114
0.630499
0.610948
0.503421
0.488759
0.850440
1.001955
1.265885
1.021505
0.791789
0.615836
0.552297
0.513196
0.542522
0.566960
0.654936
0.811339
0.899316
1.109482
0.826002
0.767351
0.747801
0.708700
0.625611
0.645161
0.601173
0.581623
0.576735
0.571848
0.542522
0.581623
0.532747
0.689150
0.596285
0.513196
0.689150
0.562072
0.566960
0.508309
0.606061
0.537634
0.557185
0.547410
0.527859
0.532747
0.459433
0.508309
0.596285
0.610948
0.547410
0.527859
0.552297
0.508309
0.708700
0.601173
0.562072
0.547410
0.522972
0.591398
0.562072
0.645161
0.547410
0.591398
0.576735
0.601173
0.586510
0.552297
0.576735
0.537634
0.557185
0.562072
0.552297
0.606061
0.513196
0.698925
0.591398
0.522972
0.586510
0.483871
0.508309
0.508309
0.493646
0.454545
0.439883
0.439883
0.449658
0.483871
0.483871
0.474096
0.488759
0.474096
0.434995
0.449658
0.459433
0.459433
0.483871
0.449658
0.478983
0.518084
0.469208
0.469208
0.454545
0.454545
0.464321
0.449658
0.493646
0.469208
0.469208
0.498534
0.454545
0.483871
0.498534
0.503421
0.478983
0.478983
0.474096
0.464321
0.469208
0.469208
0.493646
0.449658
0.518084
0.464321