0.351906
0.351906
0.366569
0.356794
0.806452
0.503421
0.405670
0.376344
0.371457
0.361681
0.366569
0.356794
0.356794
0.347019
0.351906
0.356794
0.356794
0.356794
0.356794
0.356794
0.356794
0.361681
0.361681
0.356794
0.356794
0.356794
0.356794
0.356794
0.356794
0.356794
0.356794
0.356794
0.356794
0.356794
0.356794
0.356794
0.356794
0.356794
0.356794
0.356794
0.356794
0.356794
0.356794
0.361681
0.356794
0.356794
0.356794
0.356794
0.356794
0.356794
0.356794
0.356794
0.356794
0.356794
0.356794
0.356794
0.356794
0.356794
0.356794
0.356794
0.356794
0.356794
0.356794
0.356794
0.356794
0.356794
0.356794
0.356794
0.356794
0.356794
0.356794
0.356794
0.356794
0.356794
0.356794
0.356794
0.410557
0.391007
0.395894
0.400782
0.395894
0.415445
0.439883
0.449658
0.508309
0.439883
0.386119
0.386119
0.381232
0.376344
0.532747
0.434995
0.420332
0.410557
0.415445
0.391007
0.395894
0.459433
0.948192
0.650049
0.728250
0.615836
0.532747
0.430108
0.532747
0.527859
0.557185
0.474096
0.430108
0.430108
0.425220
0.425220
0.464321
0.391007
0.351906
0.342131
0.327468
0.322581
0.332356
0.347019
0.307918
0.327468
0.317693
0.303030
0.337243
0.366569
0.410557
0.415445
0.420332
0.718475
0.977517
1.334311
0.977517
0.835777
0.791789
1.529814
2.531769
3.895406
4.584555
4.291300
2.883675
1.490714
1.808407
1.857283
1.813294
1.798631
1.686217
1.461388
1.260997
1.080156
0.938416
0.806452
0.630499
0.503421
0.420332
0.351906
0.351906
0.317693
0.347019
0.356794