0.356794
0.356794
0.356794
0.356794
0.356794
0.356794
0.356794
0.356794
0.356794
0.356794
0.356794
0.356794
0.356794
0.356794
0.356794
0.356794
0.376344
0.425220
0.395894
0.361681
0.356794
0.361681
0.361681
0.425220
0.498534
0.376344
0.391007
0.513196
0.518084
0.684262
0.630499
0.845552
0.713587
0.762463
0.640274
0.816227
0.728250
0.791789
0.640274
0.527859
0.522972
0.503421
0.552297
0.532747
0.606061
0.777126
0.645161
0.596285
0.576735
0.606061
0.591398
0.610948
0.566960
0.635386
0.566960
0.562072
0.488759
0.493646
0.562072
0.596285
0.620723
0.723363
0.703812
0.698925
1.236559
1.388074
1.412512
1.339198
1.490714
2.991202
4.770283
4.770283
4.770283
4.765396
3.934506
3.607038
3.631476
2.649071
2.517107
2.209189
1.808407
1.720430
1.539589
1.226784
1.202346
1.158358
1.089932
1.212121
0.928641
0.879765
0.884653
0.738025
0.796676
0.669599
0.571848
0.689150
0.586510
0.601173
0.679374
0.566960
0.596285
0.571848
0.752688
0.591398
0.747801
0.767351
0.625611
0.532747
0.630499
0.733138
1.329423
1.285435
0.909091
0.826002
0.723363
0.801564
0.679374
0.879765
0.689150
0.742913
0.669599
0.606061
0.586510
0.503421
0.537634
0.566960
0.493646
0.606061
0.586510
0.508309
0.430108
0.532747
0.615836
0.508309
0.439883
0.444770
0.684262
0.728250
0.601173
0.478983
0.439883
0.493646
0.478983
0.430108
0.728250
1.803519
2.624633
3.108504
3.211144
3.294233
3.103617
2.346041
1.324536
1.417400
1.524927
1.309873
0.992180
0.698925
0.571848
0.674487