0.586510
0.454545
0.576735
0.537634
0.503421
0.566960
0.630499
0.503421
0.513196
0.503421
0.464321
0.425220
0.488759
0.493646
0.610948
0.742913
0.532747
0.478983
0.518084
0.498534
0.444770
0.444770
0.537634
0.488759
0.459433
0.483871
0.464321
0.415445
0.459433
0.522972
0.493646
0.547410
0.650049
0.464321
0.488759
0.410557
0.449658
0.796676
0.913978
1.001955
0.811339
0.757576
0.498534
0.464321
0.474096
0.415445
0.434995
0.425220
0.826002
0.943304
0.894428
0.957967
0.845552
0.806452
0.752688
0.581623
0.425220
0.459433
0.430108
0.395894
0.439883
0.430108
0.391007
0.542522
0.679374
0.752688
0.791789
0.938416
0.767351
0.855327
0.654936
0.640274
0.513196
0.757576
0.654936
0.669599
0.557185
0.635386
0.684262
0.610948
0.718475
0.659824
0.542522
0.669599
0.703812
0.733138
0.703812
0.728250
0.850440
0.610948
0.547410
0.674487
0.625611
0.669599
0.625611
0.606061
0.508309
0.576735
0.537634
0.640274
0.625611
0.527859
0.586510
0.625611
0.620723
0.718475
0.811339
0.645161
0.615836
0.596285
0.806452
0.757576
0.742913
0.884653
0.840665
0.786901
0.782014
0.845552
0.610948
0.674487
0.933529
0.733138
0.713587
0.679374
0.723363
0.801564
0.723363
0.669599
0.679374
0.865103
0.767351
0.733138
0.718475
0.581623
0.601173
0.596285
0.669599
0.635386
0.689150
0.591398
0.801564
0.606061
0.503421
0.542522
0.635386
0.615836
0.557185
0.708700
0.513196
0.522972
0.664712
0.542522
0.562072
0.674487
0.659824
0.791789
0.679374
0.679374
0.552297
0.571848