0.332356
0.337243
0.366569
0.503421
0.420332
0.371457
0.356794
0.351906
0.342131
0.337243
0.337243
0.342131
0.337243
0.342131
0.337243
0.332356
0.347019
0.337243
0.332356
0.347019
0.342131
0.337243
0.337243
0.342131
0.347019
0.356794
0.430108
0.444770
0.439883
0.425220
0.395894
0.376344
0.366569
0.356794
0.347019
0.347019
0.347019
0.342131
0.337243
0.342131
0.337243
0.337243
0.342131
0.478983
0.400782
0.371457
0.430108
0.395894
0.366569
0.361681
0.366569
0.351906
0.337243
0.337243
0.337243
0.347019
0.337243
0.337243
0.332356
0.381232
0.351906
0.342131
0.337243
0.337243
0.347019
0.454545
0.508309
0.840665
0.869990
0.869990
0.860215
0.757576
0.723363
0.650049
0.562072
0.576735
0.742913
0.904203
0.654936
0.503421
0.606061
1.568915
1.539589
1.256109
1.016618
0.845552
0.698925
0.557185
0.630499
1.153470
1.290323
1.808407
1.050831
0.977517
0.913978
0.625611
0.591398
0.498534
1.319648
1.397849
1.373412
1.290323
1.603128
1.388074
1.089932
0.982405
0.806452
0.679374
0.664712
0.689150
0.571848
0.478983
0.493646
0.434995
0.483871
0.493646
0.527859
0.537634
0.527859
0.562072
0.566960
0.483871
0.488759
0.469208
0.469208
0.518084
0.522972
0.503421
0.474096
0.566960
0.483871
0.430108
0.425220
0.469208
0.425220
0.439883
0.420332
0.410557
0.425220
0.420332
0.459433
0.420332
0.425220
0.434995
0.474096
0.454545
0.454545
0.547410
0.591398
0.654936
0.601173
0.537634
0.474096
0.459433
0.449658
0.425220
0.434995
0.425220
0.410557
0.400782