0.566960
0.596285
0.664712
0.659824
0.606061
0.869990
1.153470
1.055718
0.909091
0.953079
0.884653
0.865103
0.860215
0.747801
0.718475
0.806452
0.669599
0.733138
0.826002
0.801564
0.762463
0.782014
0.679374
0.654936
0.674487
0.635386
0.786901
0.782014
0.821114
0.718475
0.782014
0.708700
0.659824
0.654936
0.669599
0.650049
0.625611
0.591398
0.610948
0.620723
1.759531
2.121212
1.270772
1.021505
0.747801
0.659824
0.591398
0.723363
0.640274
1.505376
1.500489
1.138807
1.060606
0.806452
0.679374
0.615836
0.684262
0.742913
0.909091
1.290323
1.378299
1.226784
1.309873
0.992180
0.879765
0.786901
0.830890
0.698925
0.811339
0.757576
0.742913
0.855327
0.669599
0.698925
0.591398
0.547410
0.576735
0.527859
0.522972
0.552297
0.562072
0.576735
0.518084
0.542522
0.557185
0.547410
0.562072
0.542522
0.552297
0.591398
0.557185
0.537634
0.522972
0.518084
0.522972
0.522972
0.562072
0.562072
0.537634
0.635386
0.562072
0.601173
0.645161
0.576735
0.532747
0.542522
0.566960
0.547410
0.557185
0.586510
0.552297
0.522972
0.527859
0.562072
0.547410
0.527859
0.518084
0.527859
0.527859
0.566960
0.547410
0.557185
0.547410
0.522972
0.508309
0.503421
0.503421
0.513196
0.513196
0.552297
0.562072
0.547410
0.547410
0.532747
0.542522
0.518084
0.586510
0.547410
0.596285
0.547410
0.542522
0.537634
0.542522
0.513196
0.513196
0.483871
0.522972
0.503421
0.513196
0.542522
0.527859
0.532747
0.557185
0.557185
0.532747
0.508309
0.513196
0.532747
0.522972
0.537634