0.356794
0.356794
0.351906
0.356794
0.552297
1.045943
1.412512
1.842620
1.280547
1.026393
0.786901
0.772239
1.138807
1.016618
0.723363
0.606061
0.566960
0.557185
0.576735
0.630499
0.586510
0.571848
0.518084
0.601173
0.669599
0.689150
0.684262
0.806452
0.967742
0.913978
1.568915
4.765396
4.770283
3.963832
3.382209
2.204301
3.773216
3.333333
1.901271
2.429130
3.025415
2.790811
1.915934
1.515152
1.402737
1.065494
1.031281
1.006843
0.772239
0.708700
0.718475
0.723363
0.645161
0.664712
0.630499
0.689150
0.596285
0.757576
0.664712
0.645161
0.777126
0.733138
0.635386
0.503421
0.557185
0.518084
0.571848
0.689150
0.645161
0.757576
0.728250
0.708700
0.689150
0.537634
0.650049
0.606061
0.625611
0.532747
0.620723
0.620723
0.566960
0.537634
0.596285
0.532747
0.586510
0.571848
0.483871
0.469208
0.474096
0.601173
0.566960
0.703812
0.547410
0.645161
0.718475
0.899316
0.767351
1.363636
1.133920
0.982405
1.871945
4.770283
3.343109
2.287390
4.071359
3.597263
2.370479
3.049853
3.152493
2.639296
2.077224
1.793744
1.603128
1.314761
1.075269
0.957967
0.835777
0.762463
0.752688
0.591398
0.625611
0.659824
0.552297
0.610948
0.586510
0.449658
0.386119
0.371457
0.728250
0.454545
0.405670
0.508309
0.434995
0.449658
0.391007
0.410557
0.415445
0.395894
0.434995
0.391007
0.366569
0.366569
0.361681
0.391007
0.405670
0.400782
0.430108
0.381232
0.400782
0.381232
0.381232
0.376344
0.376344
0.366569
0.376344
0.381232
0.361681
0.356794
0.410557
0.371457