0.444770
0.439883
0.425220
0.415445
0.518084
0.459433
0.469208
0.395894
0.630499
0.527859
0.464321
0.415445
0.478983
0.464321
0.469208
0.459433
0.742913
0.610948
0.596285
0.483871
0.698925
0.522972
0.518084
0.659824
0.488759
0.434995
0.454545
0.503421
0.420332
0.508309
0.518084
0.664712
0.518084
0.532747
0.488759
0.439883
0.410557
0.430108
0.449658
0.513196
0.415445
0.395894
0.371457
0.532747
0.684262
0.796676
1.045943
1.168133
1.412512
1.436950
1.397849
1.295210
1.300098
0.943304
0.767351
0.532747
0.488759
0.444770
0.478983
0.464321
0.469208
0.439883
0.518084
0.493646
0.488759
0.420332
0.449658
0.425220
0.459433
0.542522
0.518084
0.508309
0.527859
0.645161
0.733138
0.742913
0.796676
0.601173
0.459433
0.640274
0.513196
0.571848
0.537634
0.586510
0.679374
0.552297
0.439883
0.410557
0.620723
0.708700
0.821114
0.811339
0.957967
0.943304
0.933529
0.703812
0.625611
0.610948
0.571848
0.483871
0.430108
0.566960
0.469208
0.459433
0.498534
0.483871
0.469208
0.913978
0.625611
0.591398
0.547410
0.478983
0.444770
0.444770
0.430108
0.508309
0.498534
0.439883
0.503421
0.425220
0.400782
0.371457
0.391007
0.689150
1.300098
1.109482
0.869990
0.606061
0.532747
0.547410
0.645161
0.522972
0.571848
0.826002
0.850440
1.392962
2.116325
2.478006
2.580645
2.551320
1.984360
3.240469
4.775171
4.775171
4.775171
3.245357
1.754643
1.871945
1.876833
1.715543
1.627566
1.695992
1.632454
1.549365
1.524927
1.974585
2.082111
2.091887
2.145650
1.779081