0.654936
0.591398
0.596285
0.586510
0.581623
0.571848
0.513196
0.557185
0.620723
0.601173
0.713587
0.645161
0.850440
0.698925
0.571848
0.684262
0.606061
0.762463
0.684262
0.547410
0.527859
0.527859
0.596285
0.659824
0.640274
0.669599
0.645161
0.552297
0.620723
0.591398
0.718475
0.596285
0.508309
0.434995
0.415445
0.459433
0.444770
1.397849
2.043011
1.348974
1.236559
1.153470
0.811339
0.767351
0.562072
0.459433
0.625611
0.449658
0.786901
1.739980
1.436950
1.148583
1.050831
0.801564
0.689150
0.689150
0.508309
0.449658
0.478983
0.434995
1.300098
1.549365
1.779081
1.471163
1.119257
1.001955
0.977517
0.879765
0.762463
0.723363
0.591398
0.708700
0.674487
0.738025
0.654936
0.913978
0.708700
0.635386
0.547410
0.571848
0.552297
0.703812
0.816227
0.713587
0.659824
0.791789
0.738025
0.620723
0.537634
0.591398
0.640274
0.596285
0.650049
0.513196
0.664712
0.532747
0.586510
0.630499
0.684262
0.694037
0.684262
0.625611
0.865103
0.752688
0.669599
0.728250
0.806452
0.826002
0.777126
0.835777
0.601173
0.537634
0.596285
0.708700
0.635386
0.591398
0.625611
0.576735
0.610948
0.586510
0.767351
0.542522
0.571848
0.625611
0.610948
0.571848
0.542522
0.650049
0.615836
0.586510
0.674487
0.610948
0.694037
0.650049
0.610948
0.703812
0.698925
0.708700
0.718475
0.630499
0.566960
0.620723
0.650049
0.728250
0.669599
0.566960
0.532747
0.733138
0.669599
0.728250
0.811339
0.742913
0.654936
0.654936
0.610948
0.576735
0.718475
0.723363
0.703812
0.684262