0.478983
0.449658
0.444770
0.415445
0.405670
0.376344
0.356794
0.332356
0.356794
0.410557
0.532747
0.591398
0.493646
0.454545
0.434995
0.591398
1.974585
3.880743
4.740958
4.770283
4.731183
4.056696
3.044966
1.940371
1.124145
1.480938
1.901271
1.964809
2.023460
2.028348
1.857283
1.666667
1.480938
1.270772
1.129032
1.065494
0.972630
0.953079
0.967742
0.899316
0.850440
0.806452
0.762463
0.723363
0.713587
0.698925
0.659824
0.640274
0.630499
0.566960
0.562072
0.557185
0.537634
0.518084
0.498534
0.430108
0.400782
0.395894
0.371457
0.366569
0.356794
0.371457
0.342131
0.322581
0.317693
0.298143
0.312805
0.327468
0.293255
0.327468
0.347019
0.356794
0.434995
0.405670
0.381232
0.376344
0.410557
0.581623
0.957967
1.089932
1.202346
1.119257
0.938416
0.923754
0.708700
0.738025
0.738025
0.904203
1.065494
1.031281
1.246334
4.770283
4.120235
2.996090
3.088954
4.765396
4.398827
2.082111
1.358749
0.860215
0.694037
0.601173
0.591398
0.488759
0.464321
0.449658
0.430108
0.503421
0.508309
0.469208
0.444770
0.508309
0.488759
0.474096
0.478983
0.483871
0.405670
0.376344
0.347019
0.312805
0.347019
0.464321
0.552297
0.576735
0.571848
0.522972
0.483871
0.478983
0.444770
0.410557
0.386119
0.376344
0.356794
0.386119
0.391007
0.395894
0.376344
0.371457
0.381232
0.366569
0.366569
0.351906
0.356794
0.356794
0.356794
0.356794
0.356794
0.356794
0.361681
0.356794
0.356794
0.356794
0.361681
0.356794
0.356794
0.356794
0.356794
0.356794
0.356794
0.356794