0.454545
0.488759
0.478983
0.537634
0.513196
0.434995
0.444770
0.444770
0.420332
0.449658
0.635386
0.513196
0.483871
0.425220
0.513196
0.459433
0.439883
0.415445
0.405670
0.430108
0.410557
0.410557
0.405670
0.405670
0.395894
0.405670
0.405670
0.459433
0.430108
0.405670
0.434995
0.420332
0.415445
0.439883
0.430108
0.474096
0.400782
0.410557
0.586510
0.645161
0.581623
0.615836
0.425220
0.366569
0.381232
0.386119
0.405670
0.840665
0.757576
0.752688
0.610948
0.625611
0.518084
0.405670
0.391007
0.405670
0.434995
0.371457
0.850440
0.855327
0.840665
0.879765
0.742913
0.674487
0.708700
0.483871
0.474096
0.478983
0.552297
0.645161
0.444770
0.522972
0.430108
0.415445
0.483871
1.001955
0.772239
0.884653
0.723363
0.684262
0.576735
0.615836
0.513196
0.518084
0.439883
0.513196
0.513196
0.488759
0.596285
0.498534
0.557185
0.454545
0.459433
0.439883
0.503421
0.606061
0.552297
0.508309
0.488759
0.542522
0.576735
0.591398
0.576735
0.566960
0.503421
0.547410
0.586510
0.596285
0.513196
0.459433
0.434995
0.469208
0.542522
0.474096
0.459433
0.478983
0.527859
0.522972
0.537634
0.566960
0.522972
0.518084
0.513196
0.576735
0.478983
0.454545
0.513196
0.532747
0.610948
0.571848
0.532747
0.513196
0.488759
0.518084
0.664712
0.557185
0.469208
0.581623
0.601173
0.542522
0.483871
0.566960
0.723363
0.557185
0.464321
0.566960
0.552297
0.469208
0.503421
0.508309
0.566960
0.488759
0.503421
0.459433
0.488759
0.488759
0.596285
0.508309
0.576735
0.488759