0.816227
0.708700
0.933529
0.757576
0.566960
0.640274
0.635386
0.869990
0.762463
0.679374
0.733138
0.738025
0.713587
0.703812
0.635386
0.679374
0.591398
0.527859
0.566960
0.713587
0.547410
0.508309
0.669599
0.576735
0.576735
0.591398
0.542522
0.469208
0.518084
0.503421
0.547410
0.513196
0.488759
0.537634
0.474096
0.532747
0.547410
0.537634
0.434995
0.474096
0.469208
0.464321
0.464321
0.469208
0.488759
0.498534
0.459433
0.532747
0.469208
0.508309
0.566960
0.532747
0.542522
0.542522
0.566960
0.439883
0.420332
0.454545
0.498534
0.449658
0.434995
0.444770
0.454545
0.478983
0.478983
0.474096
0.508309
0.439883
0.498534
0.527859
0.513196
0.493646
0.537634
0.488759
0.434995
0.537634
0.518084
0.532747
0.469208
0.464321
0.425220
0.439883
0.532747
0.557185
0.454545
0.400782
0.356794
0.381232
0.747801
0.694037
0.747801
0.694037
0.669599
0.777126
0.630499
0.557185
0.738025
0.806452
0.527859
0.532747
0.562072
0.483871
0.552297
0.483871
0.518084
0.552297
0.469208
0.439883
0.601173
0.669599
0.698925
0.845552
0.816227
0.830890
0.943304
0.943304
0.816227
0.816227
0.806452
0.830890
0.718475
1.378299
1.441838
1.534702
1.798631
1.432063
1.456500
2.927664
4.775171
4.775171
4.775171
4.775171
4.765396
4.599218
4.682307
4.672532
4.149560
4.203324
3.914956
3.616813
3.167155
2.917889
2.551320
2.248289
1.847507
1.818182
1.588465
1.529814
1.241447
1.104594
1.041056
0.909091
0.943304
1.099707
1.065494
0.943304
0.943304
1.627566
2.086999
1.803519