0.371457
0.366569
0.376344
0.366569
0.361681
0.415445
0.376344
0.361681
0.356794
0.381232
0.361681
0.371457
0.356794
0.381232
0.356794
0.410557
0.376344
0.361681
0.366569
0.361681
0.361681
0.371457
0.391007
0.366569
0.391007
0.376344
0.366569
0.361681
0.361681
0.361681
0.356794
0.356794
0.351906
0.356794
0.356794
0.356794
0.356794
0.361681
0.356794
0.356794
0.371457
0.356794
0.356794
0.356794
0.356794
0.361681
0.361681
0.361681
0.361681
0.366569
0.361681
0.356794
0.356794
0.356794
0.356794
0.356794
0.361681
0.356794
0.351906
0.356794
0.356794
0.356794
0.361681
0.361681
0.361681
0.356794
0.356794
0.361681
0.381232
0.420332
0.376344
0.366569
0.366569
0.361681
0.361681
0.366569
0.366569
0.356794
0.351906
0.361681
0.454545
0.508309
0.596285
0.654936
0.606061
0.571848
0.434995
0.464321
0.425220
0.434995
0.444770
0.503421
0.547410
0.498534
0.439883
0.405670
0.381232
0.371457
0.366569
0.356794
0.356794
0.366569
0.366569
0.361681
0.351906
0.371457
0.361681
0.361681
0.371457
0.361681
0.356794
0.356794
0.371457
0.366569
0.366569
0.356794
0.366569
0.381232
0.381232
0.454545
0.522972
0.410557
0.391007
0.371457
0.361681
0.376344
0.957967
1.402737
0.777126
0.620723
0.830890
0.865103
1.129032
2.893451
4.315738
4.770283
4.750733
3.954057
2.805474
1.705767
0.821114
0.777126
1.163245
1.344086
1.368524
1.397849
1.300098
1.217009
1.089932
1.075269
0.913978
0.801564
0.752688
0.635386
0.552297
0.586510
0.586510
0.674487
0.777126
0.772239