0.684262
0.659824
0.659824
0.645161
0.625611
0.586510
0.557185
0.498534
0.698925
0.742913
0.835777
0.913978
0.796676
1.050831
0.894428
0.713587
0.635386
0.645161
0.542522
1.197458
1.300098
1.754643
1.133920
1.031281
0.913978
0.650049
0.586510
0.689150
0.625611
0.967742
1.182796
1.451613
1.187683
0.884653
0.845552
0.674487
0.610948
0.645161
0.708700
0.679374
0.601173
0.992180
1.275660
1.295210
1.104594
1.119257
0.918866
0.835777
0.811339
0.909091
0.816227
0.850440
0.684262
0.742913
0.747801
0.752688
0.703812
0.869990
0.865103
0.718475
0.733138
0.620723
0.742913
0.640274
0.786901
0.752688
0.957967
0.894428
0.698925
0.845552
0.747801
0.630499
0.625611
0.635386
0.840665
0.713587
0.703812
0.821114
0.640274
0.728250
0.772239
0.767351
0.821114
0.723363
0.625611
0.650049
0.630499
0.615836
0.796676
0.698925
0.747801
0.738025
0.899316
0.757576
0.669599
0.840665
0.698925
0.664712
0.615836
0.708700
0.777126
0.762463
0.664712
0.869990
0.635386
0.723363
0.698925
0.698925
0.654936
0.767351
0.664712
0.728250
0.962854
0.801564
0.669599
0.733138
0.703812
0.806452
0.762463
0.791789
0.796676
0.620723
0.689150
0.777126
0.801564
0.664712
0.615836
0.694037
0.782014
0.772239
0.659824
0.811339
0.923754
0.767351
0.742913
0.821114
0.747801
0.816227
0.811339
0.850440
0.747801
0.625611
0.586510
0.703812
0.689150
0.625611
0.708700
0.703812
0.694037
0.738025
0.606061
0.733138
0.718475
0.708700
0.772239
0.782014
0.874878
0.733138
0.821114
0.694037