0.537634
0.566960
0.586510
0.601173
0.508309
0.532747
0.508309
0.527859
0.576735
0.542522
0.566960
0.630499
0.576735
0.498534
0.527859
0.601173
0.615836
0.547410
0.728250
0.679374
0.728250
0.913978
0.796676
0.669599
0.654936
0.625611
0.821114
0.694037
1.065494
1.573803
1.989247
2.478006
2.434018
1.813294
2.800587
4.775171
4.775171
4.775171
4.696970
2.771261
2.864125
2.859238
2.883675
2.839687
2.595308
2.238514
2.140762
2.047898
1.852395
1.710655
1.500489
1.495601
1.231672
1.168133
1.075269
0.786901
0.645161
0.518084
0.576735
0.537634
0.434995
0.425220
0.581623
0.630499
0.889541
0.879765
0.786901
0.894428
0.855327
0.811339
0.889541
0.997067
0.801564
0.977517
0.762463
0.645161
0.606061
0.752688
0.733138
0.645161
0.620723
0.610948
0.645161
0.826002
0.645161
0.610948
0.586510
0.488759
0.474096
0.522972
0.459433
0.459433
0.650049
0.562072
0.469208
0.415445
0.444770
0.562072
0.581623
0.566960
0.478983
0.444770
0.474096
0.434995
0.449658
0.469208
0.410557
0.434995
0.400782
0.630499
0.518084
0.522972
0.566960
0.557185
0.503421
0.547410
0.527859
0.430108
0.371457
0.664712
0.493646
0.478983
0.904203
0.957967
1.251222
1.138807
1.104594
0.962854
0.811339
0.659824
0.498534
0.459433
0.410557
0.400782
0.371457
0.356794
0.342131
0.351906
0.351906
0.356794
0.356794
0.356794
0.356794
0.356794
0.356794
0.356794
0.356794
0.356794
0.356794
0.356794
0.351906
0.356794
0.356794
0.356794
0.381232
0.366569
0.376344
0.337243
0.312805
0.332356