0.356794
0.356794
0.356794
0.351906
0.342131
0.347019
0.351906
0.356794
0.356794
0.351906
0.351906
0.356794
0.356794
0.351906
0.356794
0.356794
0.356794
0.356794
0.356794
0.356794
0.361681
0.469208
0.728250
1.099707
1.045943
1.339198
1.378299
1.045943
1.104594
0.997067
1.158358
0.845552
0.703812
0.552297
0.566960
0.772239
0.547410
0.630499
0.772239
0.640274
0.581623
0.498534
0.464321
0.591398
0.566960
0.552297
0.537634
0.532747
0.522972
0.498534
0.488759
0.488759
0.552297
0.518084
0.522972
0.483871
0.591398
0.532747
0.488759
0.566960
0.537634
0.508309
0.645161
0.542522
0.503421
0.444770
0.542522
0.522972
0.503421
0.444770
0.498534
0.547410
0.830890
0.576735
0.615836
0.625611
0.762463
0.601173
0.527859
0.557185
0.508309
0.571848
0.586510
0.566960
0.615836
0.576735
0.552297
0.601173
0.449658
0.816227
1.265885
1.642229
1.588465
2.170088
2.385142
2.155425
3.523949
4.775171
4.775171
4.775171
4.765396
3.646139
3.308895
3.514174
3.216031
2.820137
2.502444
2.077224
2.116325
1.974585
1.710655
1.559140
1.515152
1.368524
1.207234
1.089932
1.055718
0.909091
0.826002
0.786901
0.918866
0.713587
0.606061
0.557185
0.547410
0.571848
0.571848
0.610948
0.537634
0.542522
0.557185
0.513196
0.478983
0.532747
0.498534
0.454545
0.434995
0.439883
0.469208
0.552297
0.503421
0.522972
0.478983
0.566960
0.601173
0.542522
0.527859
0.596285
0.591398
0.571848
0.498534
0.478983
0.454545
0.503421
0.586510
0.615836
0.669599
0.679374
0.596285
0.532747