0.698925
0.723363
0.645161
0.576735
0.532747
0.459433
0.405670
0.381232
0.483871
0.405670
0.430108
0.478983
0.576735
0.547410
0.464321
0.444770
0.410557
0.376344
0.371457
0.366569
0.391007
0.425220
0.395894
0.430108
0.434995
0.439883
0.415445
0.395894
0.391007
0.391007
0.376344
0.371457
0.366569
0.386119
0.395894
0.386119
0.386119
0.376344
0.386119
0.415445
0.410557
0.503421
0.508309
0.537634
0.571848
0.591398
0.508309
0.415445
0.469208
0.610948
0.650049
0.654936
0.581623
0.571848
0.537634
0.664712
0.703812
1.324536
1.520039
1.451613
1.280547
1.099707
0.826002
0.703812
0.610948
0.654936
0.630499
0.586510
0.547410
0.503421
0.503421
0.478983
0.591398
0.566960
0.557185
0.591398
0.522972
0.498534
0.522972
0.469208
0.488759
0.557185
0.630499
0.708700
0.869990
1.021505
4.765396
4.369501
4.775171
3.763441
4.652981
2.790811
1.617791
1.564027
1.588465
1.451613
1.241447
1.099707
0.987292
0.786901
0.738025
0.566960
0.606061
0.625611
0.581623
0.552297
0.615836
0.488759
0.493646
0.513196
0.474096
0.532747
0.483871
0.474096
0.596285
0.635386
0.620723
0.654936
0.596285
0.552297
0.566960
0.508309
0.562072
1.031281
1.304985
0.913978
0.791789
1.041056
0.654936
2.311828
1.436950
2.209189
1.823069
2.214076
2.864125
2.267840
1.632454
0.879765
0.703812
0.469208
0.493646
0.684262
0.796676
0.909091
0.913978
0.821114
0.645161
0.625611
0.728250
0.982405
1.241447
0.640274
0.801564
0.948192
1.119257
2.047898
1.173021
0.698925
0.532747
0.474096