0.659824
0.635386
0.757576
0.953079
0.904203
0.640274
0.816227
0.674487
0.733138
0.723363
0.855327
0.772239
0.830890
0.801564
0.703812
0.669599
0.733138
0.669599
0.542522
0.474096
0.518084
0.547410
0.698925
1.290323
1.329423
0.992180
0.694037
0.606061
0.552297
0.742913
0.826002
1.217009
1.549365
1.036168
0.786901
0.899316
0.689150
1.129032
1.534702
1.168133
0.977517
1.031281
0.742913
0.786901
0.674487
0.606061
0.527859
0.508309
0.483871
0.493646
0.498534
0.459433
0.459433
0.449658
0.454545
0.449658
0.493646
0.464321
0.474096
0.444770
0.444770
0.449658
0.444770
0.449658
0.439883
0.444770
0.454545
0.464321
0.459433
0.439883
0.444770
0.439883
0.439883
0.474096
0.444770
0.439883
0.439883
0.449658
0.434995
0.449658
0.439883
0.454545
0.439883
0.410557
0.449658
0.439883
0.434995
0.444770
0.444770
0.434995
0.454545
0.449658
0.459433
0.430108
0.449658
0.439883
0.449658
0.454545
0.444770
0.430108
0.454545
0.439883
0.454545
0.449658
0.449658
0.444770
0.454545
0.454545
0.464321
0.434995
0.459433
0.459433
0.444770
0.459433
0.454545
0.444770
0.464321
0.444770
0.459433
0.454545
0.459433
0.459433
0.469208
0.449658
0.459433
0.469208
0.474096
0.454545
0.449658
0.459433
0.439883
0.469208
0.449658
0.464321
0.474096
0.459433
0.478983
0.454545
0.430108
0.444770
0.483871
0.513196
0.449658
0.469208
0.464321
0.469208
0.469208
0.464321
0.469208
0.464321
0.439883
0.454545
0.444770
0.469208
0.454545
0.464321
0.434995
0.434995
0.444770
0.430108