0.542522
0.498534
0.454545
0.483871
0.547410
0.425220
0.464321
0.425220
0.527859
0.474096
0.400782
0.410557
0.386119
0.425220
0.415445
0.415445
0.405670
0.449658
0.513196
0.459433
0.493646
0.405670
0.415445
0.405670
0.391007
0.381232
0.469208
0.439883
0.425220
0.405670
0.391007
0.425220
0.381232
0.518084
0.493646
0.434995
0.522972
0.498534
0.415445
0.410557
0.434995
0.415445
0.405670
0.459433
0.518084
0.508309
0.498534
0.449658
0.395894
0.386119
0.415445
0.400782
0.386119
0.386119
0.371457
0.381232
0.381232
0.400782
0.410557
0.391007
0.381232
0.415445
0.395894
0.366569
0.366569
0.371457
0.381232
0.361681
0.391007
0.361681
0.366569
0.337243
0.351906
0.356794
0.356794
0.356794
0.356794
0.356794
0.356794
0.356794
0.356794
0.356794
0.356794
0.356794
0.356794
0.356794
0.376344
0.508309
0.874878
1.304985
1.251222
1.412512
2.052786
1.554252
1.676442
1.138807
2.316716
4.775171
4.775171
4.775171
2.844575
1.896383
1.529814
1.461388
1.104594
1.138807
1.006843
0.918866
0.884653
0.811339
0.762463
0.728250
0.786901
1.182796
0.938416
0.742913
0.742913
1.739980
2.106549
1.622678
0.879765
0.953079
1.207234
0.762463
0.625611
0.997067
0.757576
0.601173
0.562072
0.400782
0.425220
0.518084
0.434995
0.386119
0.391007
0.371457
0.474096
0.532747
0.474096
0.420332
0.405670
0.420332
0.400782
0.410557
0.386119
0.381232
0.371457
0.415445
0.391007
0.366569
0.395894
0.425220
0.425220
0.444770
0.410557
0.420332
0.581623
0.542522
0.537634
0.434995