0.356794
0.356794
0.356794
0.351906
0.356794
0.356794
0.356794
0.356794
0.356794
0.356794
0.356794
0.356794
0.356794
0.356794
0.356794
0.356794
0.356794
0.356794
0.356794
0.356794
0.356794
0.356794
0.356794
0.356794
0.356794
0.356794
0.356794
0.356794
0.356794
0.356794
0.356794
0.356794
0.356794
0.356794
0.356794
0.356794
0.356794
0.356794
0.356794
0.356794
0.351906
0.356794
0.356794
0.356794
0.356794
0.356794
0.356794
0.356794
0.356794
0.356794
0.356794
0.356794
0.356794
0.356794
0.356794
0.356794
0.356794
0.356794
0.356794
0.356794
0.356794
0.356794
0.356794
0.356794
0.356794
0.351906
0.356794
0.356794
0.356794
0.356794
0.356794
0.361681
0.513196
0.923754
1.378299
1.339198
1.104594
1.006843
1.329423
1.177908
0.967742
0.874878
0.777126
0.762463
0.733138
0.840665
0.689150
0.610948
0.630499
0.606061
0.757576
0.674487
0.571848
0.518084
0.586510
0.703812
0.703812
0.904203
1.383187
2.218964
1.945259
2.106549
1.608016
4.775171
4.775171
4.760508
3.993157
3.611926
2.829912
2.155425
1.989247
2.776149
2.639296
3.128055
2.668622
1.920821
4.775171
4.775171
4.232649
3.132942
3.000978
2.350929
1.862170
1.466276
1.314761
1.334311
1.231672
1.173021
1.036168
0.943304
0.860215
0.723363
0.606061
0.752688
0.694037
0.713587
0.635386
0.532747
0.410557
0.366569
0.361681
0.356794
0.361681
0.361681
0.361681
0.361681
0.327468
0.337243
0.312805
0.317693
0.327468
0.322581
0.332356
0.322581
0.317693
0.322581
0.347019
0.356794
0.356794
0.361681