0.415445
0.444770
0.518084
0.493646
0.483871
0.454545
0.439883
0.395894
0.469208
0.566960
0.591398
0.566960
0.537634
0.513196
0.513196
0.493646
0.469208
0.615836
0.801564
0.762463
0.635386
0.625611
0.522972
0.562072
0.918866
1.265885
1.275660
1.016618
0.801564
0.610948
0.659824
0.552297
0.860215
1.490714
1.461388
1.031281
0.855327
0.689150
0.610948
0.610948
1.104594
1.270772
1.652004
1.534702
1.187683
0.943304
0.669599
0.625611
0.542522
0.581623
0.547410
0.527859
0.483871
0.459433
0.425220
0.410557
0.395894
0.400782
0.405670
0.410557
0.415445
0.410557
0.430108
0.410557
0.405670
0.410557
0.415445
0.415445
0.405670
0.400782
0.405670
0.410557
0.415445
0.430108
0.405670
0.430108
0.410557
0.430108
0.420332
0.420332
0.410557
0.430108
0.415445
0.410557
0.410557
0.420332
0.415445
0.425220
0.425220
0.405670
0.439883
0.434995
0.420332
0.425220
0.454545
0.488759
0.464321
0.454545
0.449658
0.439883
0.425220
0.415445
0.420332
0.439883
0.434995
0.425220
0.464321
0.439883
0.434995
0.405670
0.420332
0.415445
0.405670
0.420332
0.420332
0.415445
0.415445
0.410557
0.410557
0.405670
0.410557
0.410557
0.430108
0.405670
0.405670
0.410557
0.415445
0.425220
0.415445
0.430108
0.425220
0.430108
0.439883
0.439883
0.425220
0.439883
0.439883
0.425220
0.415445
0.425220
0.425220
0.420332
0.400782
0.434995
0.434995
0.444770
0.420332
0.410557
0.434995
0.439883
0.449658
0.434995
0.415445
0.420332
0.410557
0.415445
0.386119
0.434995
0.410557
0.415445