0.342131
0.356794
0.351906
0.356794
0.351906
0.351906
0.356794
0.356794
0.356794
0.356794
0.356794
0.356794
0.356794
0.356794
0.356794
0.356794
0.356794
0.356794
0.356794
0.356794
0.356794
0.356794
0.361681
0.356794
0.356794
0.351906
0.356794
0.356794
0.356794
0.356794
0.356794
0.351906
0.351906
0.356794
0.356794
0.351906
0.356794
0.356794
0.356794
0.361681
0.356794
0.356794
0.356794
0.356794
0.356794
0.356794
0.356794
0.351906
0.356794
0.356794
0.361681
0.537634
0.918866
1.001955
1.065494
1.011730
1.422287
3.563050
4.770283
4.765396
4.770283
4.667644
3.157380
1.857283
0.953079
0.562072
0.425220
0.439883
0.625611
0.913978
0.962854
1.085044
1.138807
0.904203
0.933529
1.104594
1.153470
1.119257
1.368524
1.495601
1.573803
1.774194
2.130987
2.150538
1.813294
2.101662
2.385142
2.233627
1.823069
1.652004
1.559140
1.402737
1.226784
1.109482
1.026393
0.860215
0.718475
0.674487
0.650049
0.630499
0.571848
0.537634
0.522972
0.503421
0.522972
0.469208
0.439883
0.439883
0.415445
0.366569
0.371457
0.620723
1.124145
1.070381
0.835777
0.708700
0.713587
0.615836
0.606061
0.513196
0.576735
0.566960
0.547410
0.679374
0.713587
0.591398
0.571848
0.601173
0.816227
1.031281
1.016618
0.923754
1.319648
4.765396
4.770283
2.771261
1.612903
2.937439
2.248289
1.578690
2.204301
2.639296
2.565982
2.238514
1.832845
1.456500
1.158358
1.148583
1.094819
0.772239
0.733138
0.664712
0.708700
0.635386
0.645161
0.601173
0.532747
0.527859
0.635386
0.542522