0.625611
0.606061
0.547410
0.503421
0.483871
0.469208
0.469208
0.469208
0.439883
0.395894
0.371457
0.342131
0.347019
0.337243
0.347019
0.351906
0.356794
0.356794
0.356794
0.356794
0.356794
0.356794
0.356794
0.356794
0.356794
0.356794
0.356794
0.361681
0.356794
0.356794
0.356794
0.356794
0.356794
0.356794
0.356794
0.356794
0.356794
0.356794
0.356794
0.356794
0.356794
0.356794
0.356794
0.356794
0.356794
0.356794
0.356794
0.356794
0.356794
0.356794
0.356794
0.356794
0.356794
0.351906
0.356794
0.347019
0.351906
0.351906
0.351906
0.351906
0.356794
0.356794
0.356794
0.356794
0.356794
0.356794
0.356794
0.356794
0.356794
0.356794
0.356794
0.356794
0.356794
0.356794
0.356794
0.356794
0.356794
0.356794
0.356794
0.356794
0.356794
0.356794
0.356794
0.356794
0.356794
0.356794
0.356794
0.356794
0.356794
0.356794
0.356794
0.596285
0.571848
0.933529
1.207234
1.955034
2.487781
1.720430
1.901271
4.770283
4.770283
4.775171
4.775171
4.775171
4.149560
2.834800
2.766373
2.653959
2.805474
2.536657
2.453568
2.170088
1.999022
1.867058
1.715543
1.583578
1.466276
1.397849
1.304985
1.212121
1.148583
1.055718
0.977517
0.865103
0.796676
0.723363
0.698925
0.645161
0.586510
0.527859
0.478983
0.439883
0.415445
0.405670
0.386119
0.386119
0.347019
0.342131
0.317693
0.337243
0.351906
0.356794
0.356794
0.356794
0.356794
0.361681
0.356794
0.356794
0.356794
0.356794
0.361681
0.351906
0.356794
0.356794
0.356794
0.361681
0.361681
0.361681
0.356794
0.361681