3.567937
2.565982
4.775171
4.775171
4.169110
3.489736
3.343109
2.932551
2.614858
2.297165
1.955034
1.559140
1.158358
0.850440
0.806452
0.752688
0.684262
0.576735
0.542522
0.498534
0.469208
0.650049
0.723363
0.938416
1.070381
0.928641
1.119257
1.099707
0.879765
0.782014
0.850440
1.999022
2.741935
2.297165
1.857283
4.775171
4.775171
4.770283
3.450635
2.913001
2.864125
2.771261
2.551320
2.248289
2.121212
1.818182
1.622678
1.353861
1.231672
1.109482
1.031281
1.021505
0.860215
0.747801
0.674487
0.703812
0.650049
0.571848
0.513196
0.508309
0.547410
0.493646
0.522972
0.503421
0.400782
0.337243
0.351906
0.356794
0.356794
0.342131
0.351906
0.356794
0.356794
0.361681
0.361681
0.361681
0.356794
0.356794
0.356794
0.356794
0.356794
0.356794
0.356794
0.356794
0.356794
0.356794
0.356794
0.356794
0.361681
0.356794
0.356794
0.347019
0.356794
0.356794
0.356794
0.356794
0.361681
0.361681
0.356794
0.356794
0.356794
0.356794
0.361681
0.356794
0.356794
0.356794
0.356794
0.356794
0.356794
0.356794
0.356794
0.356794
0.356794
0.356794
0.356794
0.356794
0.356794
0.356794
0.356794
0.356794
0.356794
0.356794
0.356794
0.361681
0.361681
0.356794
0.356794
0.356794
0.356794
0.356794
0.356794
0.356794
0.356794
0.356794
0.405670
0.674487
1.520039
3.054741
1.588465
4.775171
4.765396
3.939394
3.866080
2.526882
4.775171
4.765396
2.922776
2.346041
2.350929
2.145650
1.867058
1.588465
1.344086
1.133920
1.006843
0.928641
0.850440
0.772239
0.718475
0.586510