0.434995
0.478983
0.469208
0.430108
0.469208
0.508309
0.503421
0.449658
0.454545
0.434995
0.508309
0.552297
0.552297
0.586510
0.566960
0.542522
0.708700
0.708700
0.728250
0.635386
0.610948
0.566960
0.620723
0.733138
1.705767
1.485826
1.212121
0.884653
0.742913
0.635386
0.645161
1.055718
1.173021
1.324536
0.938416
0.777126
0.708700
0.586510
0.610948
1.050831
1.192571
1.163245
1.075269
0.957967
0.855327
0.718475
0.659824
0.581623
0.503421
0.483871
0.464321
0.474096
0.478983
0.469208
0.474096
0.449658
0.439883
0.425220
0.439883
0.430108
0.434995
0.439883
0.449658
0.439883
0.425220
0.430108
0.444770
0.425220
0.425220
0.434995
0.415445
0.439883
0.430108
0.430108
0.420332
0.425220
0.430108
0.425220
0.434995
0.415445
0.430108
0.434995
0.434995
0.420332
0.430108
0.425220
0.430108
0.434995
0.439883
0.439883
0.430108
0.469208
0.459433
0.483871
0.444770
0.464321
0.478983
0.469208
0.449658
0.469208
0.420332
0.434995
0.425220
0.425220
0.415445
0.420332
0.420332
0.410557
0.400782
0.400782
0.395894
0.430108
0.439883
0.434995
0.439883
0.430108
0.425220
0.415445
0.425220
0.415445
0.415445
0.425220
0.410557
0.410557
0.410557
0.430108
0.415445
0.434995
0.483871
0.493646
0.469208
0.469208
0.459433
0.464321
0.449658
0.464321
0.439883
0.439883
0.444770
0.439883
0.430108
0.430108
0.420332
0.439883
0.420332
0.434995
0.425220
0.444770
0.425220
0.430108
0.444770
0.449658
0.434995
0.459433
0.425220
0.444770
0.449658
0.434995
0.434995
0.430108