0.630499
0.532747
0.508309
0.635386
0.493646
0.522972
0.630499
0.645161
0.615836
0.498534
0.483871
0.527859
0.474096
0.410557
0.738025
0.835777
0.777126
0.508309
0.513196
0.625611
0.439883
0.430108
0.366569
0.337243
0.386119
0.410557
0.415445
0.381232
0.381232
0.420332
0.420332
0.439883
0.488759
0.503421
0.405670
0.405670
0.459433
0.391007
0.395894
0.366569
0.366569
0.351906
0.342131
0.347019
0.356794
0.391007
0.410557
0.630499
0.615836
0.547410
0.542522
0.508309
0.562072
0.513196
0.493646
0.439883
0.376344
0.361681
0.391007
0.386119
0.371457
0.386119
0.361681
0.356794
0.361681
0.351906
0.342131
0.351906
0.356794
0.347019
0.391007
0.400782
0.395894
0.430108
0.434995
0.420332
0.391007
0.366569
0.361681
0.356794
0.356794
0.356794
0.356794
0.356794
0.356794
0.356794
0.356794
0.356794
0.356794
0.356794
0.356794
0.434995
0.542522
0.478983
0.532747
0.850440
0.679374
0.840665
0.855327
1.016618
1.031281
1.300098
0.762463
0.928641
0.552297
0.845552
0.747801
0.899316
0.752688
0.782014
0.826002
0.659824
0.713587
0.606061
0.557185
0.464321
0.410557
0.439883
0.527859
0.669599
0.562072
0.542522
0.522972
0.684262
1.006843
2.844575
2.785924
2.028348
4.775171
4.775171
4.775171
4.775171
4.775171
3.812317
2.634409
2.761486
2.888563
2.942326
2.810362
2.556207
2.487781
2.272727
2.184751
1.930596
1.700880
1.568915
1.480938
1.319648
1.153470
1.021505
0.913978
0.913978
0.894428
0.860215
0.742913
0.650049
0.469208
0.395894
0.371457
0.415445