0.444770
0.425220
0.469208
0.459433
0.474096
0.454545
0.444770
0.439883
0.439883
0.503421
0.513196
0.532747
0.542522
0.547410
0.532747
0.596285
0.537634
0.503421
0.537634
0.522972
0.708700
0.689150
0.596285
0.615836
0.610948
0.767351
1.603128
1.231672
1.031281
0.801564
0.718475
0.997067
1.231672
1.182796
0.855327
0.840665
0.708700
1.485826
1.119257
0.997067
0.943304
0.923754
0.728250
0.625611
0.586510
0.532747
0.498534
0.478983
0.513196
0.503421
0.508309
0.508309
0.493646
0.469208
0.498534
0.478983
0.522972
0.513196
0.518084
0.474096
0.518084
0.498534
0.478983
0.503421
0.474096
0.498534
0.464321
0.483871
0.478983
0.483871
0.469208
0.478983
0.483871
0.488759
0.483871
0.464321
0.439883
0.469208
0.469208
0.449658
0.469208
0.449658
0.454545
0.474096
0.430108
0.444770
0.434995
0.444770
0.449658
0.434995
0.474096
0.449658
0.454545
0.464321
0.454545
0.493646
0.474096
0.469208
0.459433
0.449658
0.454545
0.459433
0.459433
0.434995
0.474096
0.474096
0.474096
0.493646
0.474096
0.503421
0.498534
0.488759
0.488759
0.488759
0.454545
0.459433
0.474096
0.478983
0.469208
0.464321
0.464321
0.464321
0.478983
0.503421
0.478983
0.469208
0.483871
0.483871
0.518084
0.464321
0.488759
0.469208
0.488759
0.474096
0.469208
0.469208
0.459433
0.464321
0.449658
0.464321
0.444770
0.454545
0.449658
0.439883
0.474096
0.454545
0.474096
0.444770
0.469208
0.439883
0.449658
0.459433
0.434995
0.449658
0.449658
0.478983
0.474096
0.488759
0.464321
0.483871