0.405670
0.425220
0.425220
0.420332
0.395894
0.376344
0.376344
0.361681
0.356794
0.351906
0.351906
0.342131
0.351906
0.347019
0.347019
0.347019
0.347019
0.342131
0.347019
0.342131
0.342131
0.342131
0.342131
0.342131
0.351906
0.469208
0.420332
0.376344
0.361681
0.347019
0.351906
0.356794
0.347019
0.356794
0.371457
0.410557
0.434995
0.581623
0.518084
0.581623
0.454545
0.542522
0.449658
0.630499
0.654936
0.620723
0.518084
0.566960
0.542522
0.439883
0.395894
0.395894
0.376344
0.361681
0.361681
0.366569
0.366569
0.381232
0.474096
0.434995
0.405670
0.381232
0.381232
0.371457
0.366569
0.518084
0.508309
0.518084
0.522972
0.483871
0.493646
0.464321
0.513196
0.478983
0.508309
0.474096
0.469208
0.635386
0.791789
1.246334
1.187683
1.001955
0.757576
0.869990
0.596285
0.654936
0.630499
0.987292
0.899316
0.899316
0.767351
0.830890
0.767351
0.596285
0.625611
0.537634
0.645161
0.620723
0.674487
1.075269
1.109482
0.962854
0.840665
0.811339
0.650049
0.669599
0.542522
0.488759
0.454545
0.425220
0.425220
0.415445
0.420332
0.405670
0.405670
0.405670
0.410557
0.415445
0.415445
0.415445
0.415445
0.420332
0.425220
0.410557
0.410557
0.420332
0.405670
0.405670
0.415445
0.405670
0.434995
0.474096
0.449658
0.454545
0.444770
0.459433
0.464321
0.454545
0.454545
0.449658
0.444770
0.459433
0.454545
0.444770
0.444770
0.434995
0.420332
0.430108
0.434995
0.449658
0.430108
0.410557
0.439883
0.430108
0.444770
0.420332
0.420332
0.415445
0.410557
0.449658