3.250244
2.873900
2.693060
2.321603
2.028348
1.827957
1.666667
1.392962
1.285435
1.133920
1.080156
1.280547
0.977517
1.065494
0.782014
0.757576
0.684262
0.562072
0.591398
0.459433
0.439883
0.542522
0.434995
0.439883
0.400782
0.381232
0.439883
0.508309
0.464321
0.444770
0.430108
0.469208
0.478983
0.503421
0.537634
0.635386
0.508309
0.537634
0.522972
0.464321
0.434995
0.493646
0.454545
0.391007
0.405670
0.498534
0.434995
0.464321
0.420332
0.478983
0.415445
0.386119
0.376344
0.366569
0.434995
0.400782
0.386119
0.386119
0.386119
0.405670
0.386119
0.405670
0.430108
0.478983
0.430108
0.464321
0.449658
0.444770
0.508309
1.060606
0.987292
1.221896
4.266862
4.770283
4.770283
4.770283
4.770283
3.602151
3.128055
2.947214
3.093842
2.976540
2.785924
2.590420
2.287390
1.964809
1.544477
1.202346
0.801564
0.552297
0.444770
0.395894
0.391007
0.459433
0.562072
0.650049
0.806452
0.918866
1.119257
1.656891
4.276637
4.770283
4.765396
4.770283
4.770283
4.765396
4.672532
4.071359
3.548387
3.084066
2.683284
2.355816
2.057674
1.818182
1.612903
1.422287
1.265885
1.109482
0.972630
0.821114
0.723363
0.615836
0.527859
0.469208
0.405670
0.400782
0.376344
0.361681
0.386119
0.381232
0.386119
0.371457
0.386119
0.366569
0.366569
0.410557
0.371457
0.371457
0.395894
0.376344
0.391007
0.395894
0.376344
0.391007
0.405670
0.381232
0.415445
0.400782
0.391007
0.405670
0.395894
0.381232
0.415445
0.420332
0.386119
0.376344
0.366569
0.361681
0.366569
0.361681