0.478983
0.444770
0.601173
0.478983
0.488759
0.449658
0.620723
0.557185
0.493646
0.640274
0.483871
0.498534
0.547410
0.630499
0.576735
0.513196
0.449658
0.532747
0.493646
0.410557
0.591398
0.664712
0.630499
0.767351
1.143695
1.133920
0.889541
0.850440
0.742913
0.659824
0.850440
0.601173
0.503421
0.625611
0.630499
0.552297
0.552297
0.513196
0.586510
0.562072
0.703812
0.772239
0.933529
0.738025
0.806452
0.718475
0.654936
0.650049
0.782014
0.689150
0.606061
0.654936
0.640274
0.586510
0.503421
0.454545
0.518084
0.591398
0.596285
0.703812
0.581623
0.581623
0.718475
0.654936
0.640274
0.610948
0.537634
0.478983
0.513196
0.625611
0.522972
0.488759
0.395894
0.542522
0.513196
0.439883
0.474096
0.488759
0.571848
0.522972
0.547410
0.522972
0.474096
0.518084
0.566960
0.508309
0.405670
0.454545
0.439883
0.391007
0.351906
0.337243
0.347019
0.395894
0.371457
0.361681
0.356794
0.391007
0.733138
0.581623
0.469208
0.469208
0.386119
0.366569
0.356794
0.865103
0.747801
0.659824
0.708700
0.728250
0.738025
0.742913
0.791789
0.606061
0.610948
0.615836
0.566960
0.586510
0.469208
0.586510
0.620723
0.835777
0.742913
1.407625
2.184751
1.544477
1.177908
4.775171
4.775171
4.775171
4.257087
2.961877
2.287390
2.429130
2.248289
2.077224
1.876833
1.671554
1.642229
1.480938
1.270772
1.192571
0.987292
0.850440
0.791789
0.645161
0.566960
0.513196
0.469208
0.430108
0.425220
0.395894
0.449658
0.420332
0.415445
0.400782
0.405670
0.469208
0.434995
0.415445