0.391007
0.400782
0.400782
0.400782
0.405670
0.405670
0.586510
0.581623
0.752688
0.806452
0.733138
0.674487
0.606061
0.586510
0.557185
0.542522
0.576735
0.542522
0.571848
0.591398
0.596285
0.586510
0.571848
0.552297
0.566960
0.547410
0.576735
0.576735
0.571848
0.571848
0.576735
0.581623
0.557185
0.552297
0.557185
0.542522
0.571848
0.674487
0.840665
0.923754
0.650049
0.654936
0.615836
0.826002
1.358749
1.769306
1.564027
0.894428
0.757576
0.723363
0.610948
0.571848
1.344086
1.739980
1.451613
1.129032
1.001955
0.796676
0.728250
0.635386
0.674487
1.412512
1.094819
1.011730
1.089932
1.226784
0.967742
0.786901
0.938416
0.860215
0.747801
0.791789
0.630499
0.635386
0.581623
0.566960
0.522972
0.493646
0.537634
0.571848
0.518084
0.527859
0.527859
0.537634
0.527859
0.591398
0.542522
0.581623
0.522972
0.576735
0.566960
0.581623
0.522972
0.532747
0.508309
0.557185
0.527859
0.547410
0.547410
0.547410
0.552297
0.542522
0.586510
0.547410
0.532747
0.557185
0.562072
0.566960
0.610948
0.566960
0.581623
0.566960
0.586510
0.566960
0.532747
0.596285
0.576735
0.522972
0.576735
0.571848
0.566960
0.552297
0.581623
0.518084
0.537634
0.630499
0.601173
0.562072
0.571848
0.581623
0.591398
0.620723
0.557185
0.537634
0.566960
0.537634
0.552297
0.513196
0.571848
0.532747
0.571848
0.547410
0.557185
0.557185
0.552297
0.542522
0.552297
0.542522
0.552297
0.542522
0.532747
0.552297
0.591398
0.513196
0.542522
0.586510
0.557185
0.503421
0.532747
0.522972