0.459433
0.449658
0.439883
0.410557
0.391007
0.381232
0.400782
0.601173
0.674487
0.703812
0.635386
0.547410
0.620723
0.694037
0.669599
0.562072
0.562072
0.532747
0.562072
0.777126
0.913978
1.173021
0.840665
0.620723
0.630499
0.542522
0.532747
1.094819
1.021505
0.894428
0.723363
0.684262
0.586510
0.522972
0.591398
1.016618
1.080156
1.124145
1.060606
0.997067
0.713587
0.620723
0.571848
0.513196
0.483871
0.483871
0.434995
0.469208
0.454545
0.434995
0.420332
0.430108
0.430108
0.425220
0.425220
0.410557
0.410557
0.415445
0.420332
0.400782
0.400782
0.420332
0.420332
0.410557
0.415445
0.410557
0.405670
0.420332
0.415445
0.405670
0.410557
0.400782
0.405670
0.415445
0.405670
0.405670
0.400782
0.410557
0.415445
0.415445
0.410557
0.400782
0.395894
0.395894
0.395894
0.391007
0.415445
0.410557
0.410557
0.405670
0.400782
0.400782
0.400782
0.395894
0.395894
0.391007
0.376344
0.391007
0.395894
0.391007
0.415445
0.410557
0.420332
0.410557
0.400782
0.405670
0.405670
0.400782
0.391007
0.391007
0.391007
0.395894
0.400782
0.395894
0.405670
0.405670
0.395894
0.391007
0.391007
0.391007
0.395894
0.395894
0.405670
0.405670
0.405670
0.420332
0.405670
0.405670
0.395894
0.410557
0.410557
0.410557
0.410557
0.410557
0.420332
0.391007
0.405670
0.405670
0.400782
0.410557
0.395894
0.395894
0.391007
0.400782
0.410557
0.395894
0.395894
0.405670
0.400782
0.400782
0.395894
0.410557
0.400782
0.410557
0.400782
0.400782
0.405670
0.395894
0.391007
0.400782