0.498534
0.488759
0.532747
0.518084
0.518084
0.518084
0.522972
0.547410
0.742913
0.674487
0.635386
0.640274
1.788856
1.505376
1.153470
0.816227
0.640274
0.703812
0.625611
1.705767
1.647116
1.285435
1.344086
0.953079
0.762463
0.635386
0.576735
1.681329
2.135875
1.622678
1.637341
1.016618
0.953079
0.777126
0.635386
0.581623
0.542522
0.508309
0.478983
0.493646
0.493646
0.508309
0.513196
0.488759
0.547410
0.488759
0.522972
0.488759
0.483871
0.498534
0.493646
0.527859
0.513196
0.532747
0.518084
0.518084
0.498534
0.493646
0.498534
0.503421
0.508309
0.513196
0.513196
0.508309
0.532747
0.518084
0.537634
0.522972
0.498534
0.513196
0.518084
0.508309
0.527859
0.498534
0.527859
0.518084
0.513196
0.532747
0.547410
0.518084
0.547410
0.503421
0.518084
0.562072
0.542522
0.527859
0.562072
0.522972
0.532747
0.513196
0.532747
0.547410
0.503421
0.498534
0.488759
0.503421
0.537634
0.513196
0.518084
0.518084
0.508309
0.508309
0.483871
0.513196
0.488759
0.503421
0.474096
0.493646
0.483871
0.503421
0.513196
0.493646
0.478983
0.483871
0.503421
0.483871
0.503421
0.503421
0.498534
0.503421
0.478983
0.493646
0.488759
0.488759
0.522972
0.508309
0.493646
0.508309
0.518084
0.518084
0.518084
0.532747
0.513196
0.503421
0.498534
0.513196
0.508309
0.522972
0.508309
0.522972
0.508309
0.527859
0.513196
0.552297
0.503421
0.527859
0.488759
0.522972
0.527859
0.522972
0.527859
0.532747
0.522972
0.527859
0.518084
0.532747
0.513196
0.532747
0.542522
0.542522