1.016618
1.026393
1.036168
1.021505
0.997067
1.016618
1.124145
1.011730
1.163245
1.094819
1.085044
1.080156
1.065494
1.099707
1.153470
1.524927
1.524927
1.652004
1.397849
1.197458
1.153470
1.168133
1.138807
0.997067
0.943304
0.982405
0.982405
1.378299
1.334311
1.847507
1.363636
1.290323
1.212121
1.119257
1.050831
1.006843
0.967742
0.972630
0.967742
1.700880
1.378299
1.524927
1.280547
1.217009
1.285435
1.109482
1.314761
1.241447
1.241447
1.260997
1.177908
1.348974
1.212121
1.109482
1.119257
1.104594
1.124145
1.104594
1.099707
1.021505
1.041056
1.109482
1.011730
1.124145
1.016618
1.021505
1.119257
1.221896
1.202346
1.099707
1.021505
1.109482
1.104594
1.187683
1.119257
1.138807
1.070381
1.085044
1.163245
1.045943
1.070381
1.050831
1.104594
1.104594
1.089932
1.094819
1.065494
0.977517
1.094819
1.241447
1.173021
1.050831
1.075269
1.119257
1.080156
1.388074
1.114370
1.070381
1.060606
1.055718
1.026393
1.129032
1.099707
1.055718
1.016618
1.065494
1.070381
1.011730
1.104594
1.153470
1.124145
1.026393
1.114370
1.124145
1.143695
1.187683
1.016618
1.080156
1.080156
1.060606
1.104594
1.070381
1.045943
1.031281
1.016618
0.962854
1.133920
1.085044
1.124145
1.129032
1.119257
1.016618
1.070381
1.036168
1.065494
1.099707
1.085044
1.031281
1.050831
1.065494
1.026393
1.011730
1.026393
1.153470
1.202346
1.197458
1.133920
1.241447
1.119257
1.060606
1.085044
1.158358
1.104594
1.182796
1.226784
1.363636
1.197458
1.153470
1.148583
1.124145