0.434995
0.444770
0.464321
0.444770
0.454545
0.434995
0.444770
0.425220
0.474096
0.478983
0.503421
0.518084
0.493646
0.474096
0.474096
0.454545
0.425220
0.439883
0.439883
0.434995
0.547410
0.625611
0.522972
0.552297
0.674487
1.207234
1.104594
0.865103
0.713587
0.796676
0.674487
0.606061
0.698925
1.256109
1.451613
1.256109
1.104594
0.747801
0.684262
0.552297
0.547410
1.055718
1.109482
1.871945
1.749756
1.236559
1.246334
0.840665
0.992180
0.718475
0.659824
0.566960
0.508309
0.474096
0.459433
0.444770
0.439883
0.464321
0.474096
0.454545
0.464321
0.474096
0.488759
0.478983
0.459433
0.483871
0.449658
0.469208
0.469208
0.488759
0.493646
0.498534
0.503421
0.488759
0.478983
0.498534
0.478983
0.498534
0.478983
0.493646
0.508309
0.527859
0.518084
0.527859
0.518084
0.508309
0.522972
0.503421
0.508309
0.518084
0.508309
0.503421
0.503421
0.508309
0.527859
0.503421
0.508309
0.532747
0.513196
0.537634
0.547410
0.527859
0.532747
0.498534
0.518084
0.518084
0.508309
0.522972
0.488759
0.513196
0.508309
0.483871
0.474096
0.478983
0.478983
0.493646
0.483871
0.483871
0.503421
0.449658
0.488759
0.464321
0.454545
0.444770
0.483871
0.478983
0.449658
0.498534
0.474096
0.488759
0.464321
0.464321
0.444770
0.469208
0.474096
0.459433
0.469208
0.474096
0.459433
0.449658
0.474096
0.454545
0.459433
0.444770
0.474096
0.464321
0.439883
0.454545
0.483871
0.478983
0.464321
0.454545
0.474096
0.483871
0.478983
0.483871
0.488759
0.474096
0.483871
0.459433