0.420332
0.464321
0.474096
0.469208
0.454545
0.444770
0.464321
0.483871
0.420332
0.488759
0.562072
0.557185
0.474096
0.449658
0.449658
0.439883
0.459433
0.449658
0.459433
0.493646
0.596285
0.562072
0.694037
0.698925
0.654936
0.674487
0.708700
0.635386
0.547410
0.547410
0.576735
0.967742
1.485826
1.793744
1.026393
0.806452
0.645161
0.537634
0.547410
0.879765
1.075269
1.368524
0.987292
0.796676
0.640274
0.591398
0.586510
0.806452
1.348974
1.275660
1.339198
0.992180
0.772239
0.645161
0.654936
0.547410
0.542522
0.562072
0.527859
0.513196
0.542522
0.498534
0.488759
0.503421
0.493646
0.464321
0.464321
0.483871
0.483871
0.503421
0.483871
0.493646
0.478983
0.478983
0.527859
0.493646
0.478983
0.498534
0.459433
0.483871
0.488759
0.478983
0.493646
0.527859
0.478983
0.474096
0.532747
0.527859
0.508309
0.493646
0.498534
0.493646
0.454545
0.459433
0.430108
0.444770
0.430108
0.449658
0.444770
0.420332
0.410557
0.430108
0.415445
0.434995
0.420332
0.430108
0.425220
0.425220
0.410557
0.430108
0.430108
0.430108
0.420332
0.405670
0.434995
0.420332
0.415445
0.410557
0.405670
0.420332
0.415445
0.425220
0.430108
0.415445
0.415445
0.425220
0.430108
0.425220
0.430108
0.425220
0.434995
0.439883
0.449658
0.430108
0.439883
0.439883
0.434995
0.434995
0.498534
0.483871
0.478983
0.464321
0.493646
0.513196
0.483871
0.478983
0.498534
0.518084
0.522972
0.532747
0.503421
0.522972
0.483871
0.464321
0.454545
0.454545
0.430108
0.449658
0.444770
0.464321