0.469208
0.439883
0.439883
0.434995
0.430108
0.430108
0.454545
0.493646
0.537634
0.581623
0.571848
0.557185
0.674487
0.923754
1.207234
1.207234
1.207234
0.904203
0.821114
0.586510
0.601173
0.596285
0.576735
0.826002
1.070381
1.363636
0.997067
0.742913
0.703812
0.562072
0.542522
0.542522
0.860215
0.953079
1.309873
1.217009
0.992180
0.879765
0.777126
0.767351
0.596285
0.518084
0.503421
0.478983
0.439883
0.474096
0.474096
0.459433
0.430108
0.464321
0.464321
0.469208
0.454545
0.464321
0.454545
0.439883
0.454545
0.454545
0.425220
0.464321
0.459433
0.439883
0.459433
0.464321
0.469208
0.444770
0.459433
0.483871
0.459433
0.469208
0.478983
0.449658
0.478983
0.474096
0.478983
0.459433
0.469208
0.439883
0.454545
0.430108
0.464321
0.439883
0.469208
0.474096
0.459433
0.498534
0.469208
0.449658
0.454545
0.454545
0.430108
0.439883
0.444770
0.464321
0.454545
0.439883
0.439883
0.449658
0.469208
0.474096
0.449658
0.469208
0.444770
0.474096
0.425220
0.444770
0.439883
0.434995
0.459433
0.464321
0.434995
0.439883
0.444770
0.459433
0.444770
0.464321
0.469208
0.474096
0.474096
0.474096
0.478983
0.454545
0.464321
0.459433
0.469208
0.483871
0.474096
0.454545
0.488759
0.444770
0.483871
0.474096
0.469208
0.464321
0.449658
0.444770
0.474096
0.459433
0.478983
0.454545
0.469208
0.444770
0.478983
0.449658
0.464321
0.454545
0.464321
0.464321
0.454545
0.469208
0.454545
0.454545
0.474096
0.454545
0.469208
0.444770
0.459433
0.483871
0.459433
0.454545