0.356794
0.356794
0.356794
0.361681
0.361681
0.356794
0.356794
0.356794
0.361681
0.361681
0.361681
0.356794
0.361681
0.361681
0.361681
0.356794
0.361681
0.361681
0.361681
0.356794
0.356794
0.356794
0.356794
0.361681
0.361681
0.351906
0.356794
0.356794
0.361681
0.361681
0.361681
0.356794
0.356794
0.342131
0.342131
0.351906
0.356794
0.356794
0.361681
0.361681
0.361681
0.356794
0.337243
0.322581
0.322581
0.322581
0.303030
0.303030
0.303030
0.298143
0.317693
0.332356
0.317693
0.307918
0.298143
0.327468
0.654936
0.557185
1.397849
1.930596
2.033236
1.544477
1.476051
1.285435
4.736070
4.770283
4.775171
3.049853
2.517107
2.561095
2.385142
2.512219
2.321603
2.194526
1.984360
1.793744
1.622678
1.544477
1.373412
1.290323
1.197458
1.109482
1.060606
1.006843
0.953079
0.899316
0.845552
0.806452
0.772239
0.747801
0.689150
0.625611
0.620723
0.571848
0.527859
0.483871
0.483871
0.478983
0.464321
0.444770
0.410557
0.386119
0.361681
0.342131
0.351906
0.361681
0.351906
0.337243
0.347019
0.356794
0.347019
0.351906
0.356794
0.356794
0.356794
0.356794
0.361681
0.361681
0.361681
0.361681
0.356794
0.356794
0.356794
0.361681
0.356794
0.356794
0.356794
0.356794
0.356794
0.361681
0.356794
0.356794
0.356794
0.356794
0.356794
0.356794
0.356794
0.356794
0.356794
0.356794
0.356794
0.356794
0.356794
0.356794
0.347019
0.351906
0.351906
0.356794
0.356794
0.356794
0.356794
0.356794
0.356794
0.356794
0.356794
0.356794
0.356794
0.356794
0.347019
0.351906