0.361681
0.361681
0.356794
0.356794
0.351906
0.351906
0.347019
0.356794
0.356794
0.356794
0.356794
0.356794
0.356794
0.356794
0.351906
0.356794
0.351906
0.351906
0.356794
0.391007
0.478983
0.420332
0.454545
0.434995
0.420332
0.391007
0.454545
0.474096
0.498534
0.430108
0.391007
0.400782
0.395894
0.400782
0.391007
0.376344
0.371457
0.391007
0.371457
0.381232
0.415445
0.371457
0.434995
0.391007
0.371457
0.410557
0.391007
0.400782
0.366569
0.386119
0.371457
0.366569
0.361681
0.361681
0.356794
0.356794
0.361681
0.351906
0.351906
0.351906
0.508309
0.415445
0.371457
0.381232
0.366569
0.376344
0.386119
0.381232
0.361681
0.391007
0.508309
0.459433
0.434995
0.420332
0.474096
0.498534
0.469208
0.459433
0.454545
0.430108
0.386119
0.439883
0.444770
0.537634
0.562072
0.542522
0.439883
0.425220
0.410557
0.395894
0.420332
0.478983
0.400782
0.386119
0.391007
0.400782
0.444770
0.459433
0.439883
0.464321
0.391007
0.459433
0.405670
0.566960
0.586510
0.669599
0.708700
0.522972
0.488759
0.444770
0.391007
0.366569
0.361681
0.356794
0.356794
0.356794
0.356794
0.361681
0.356794
0.356794
0.356794
0.356794
0.356794
0.356794
0.361681
0.356794
0.356794
0.356794
0.356794
0.356794
0.483871
0.493646
0.415445
0.478983
0.439883
0.478983
0.586510
2.262952
2.077224
2.160313
2.565982
2.419355
1.373412
1.642229
4.530792
4.770283
2.531769
1.749756
1.476051
1.129032
0.703812
0.469208
0.395894
0.371457
0.366569
0.361681
0.361681
0.361681
0.342131
0.322581