0.620723
0.547410
0.606061
0.664712
0.547410
0.493646
0.488759
0.518084
0.527859
0.586510
0.659824
0.679374
0.811339
0.742913
0.645161
0.723363
0.610948
1.671554
1.094819
0.816227
0.674487
0.640274
0.635386
0.615836
0.488759
0.420332
0.405670
0.425220
0.723363
0.772239
0.610948
0.547410
2.047898
1.055718
0.738025
0.591398
0.532747
0.493646
0.410557
0.518084
0.791789
0.630499
0.566960
0.503421
1.173021
1.466276
0.874878
0.806452
0.698925
0.635386
0.782014
0.630499
0.532747
0.659824
0.708700
0.874878
0.821114
0.689150
0.835777
0.664712
0.606061
0.615836
0.513196
0.659824
0.547410
0.508309
0.513196
0.845552
0.650049
0.527859
0.664712
0.610948
0.606061
0.689150
0.591398
0.718475
0.659824
0.606061
0.566960
0.645161
0.625611
0.738025
0.733138
0.625611
0.625611
0.625611
0.650049
0.620723
0.708700
0.694037
0.610948
0.635386
0.576735
0.713587
0.669599
0.606061
0.615836
0.562072
0.537634
0.738025
0.747801
0.689150
0.586510
0.640274
0.586510
0.664712
0.576735
0.601173
0.694037
0.664712
0.610948
0.674487
0.879765
0.674487
0.694037
0.620723
0.791789
0.777126
0.640274
0.581623
0.596285
0.601173
0.620723
0.640274
0.532747
0.557185
0.532747
0.522972
0.615836
0.581623
0.659824
0.635386
0.674487
0.610948
0.679374
0.596285
0.674487
0.694037
0.698925
0.689150
0.522972
0.620723
0.615836
0.723363
0.635386
0.777126
0.650049
0.684262
0.557185
0.566960
0.645161
0.664712
0.615836
0.635386
0.742913
0.733138
0.606061
0.606061
0.664712
0.566960