0.434995
0.503421
0.542522
0.474096
0.425220
0.444770
0.434995
0.444770
0.557185
0.552297
0.620723
0.762463
0.664712
0.733138
0.650049
0.728250
0.596285
0.498534
0.713587
0.664712
1.339198
1.241447
1.099707
0.826002
0.684262
0.615836
0.571848
0.953079
1.217009
1.260997
0.972630
0.723363
0.650049
0.650049
1.256109
1.446725
1.163245
0.977517
0.972630
1.348974
1.265885
0.865103
0.733138
0.669599
0.674487
0.664712
0.542522
0.503421
0.488759
0.522972
0.478983
0.474096
0.454545
0.478983
0.454545
0.498534
0.434995
0.459433
0.493646
0.508309
0.459433
0.469208
0.439883
0.454545
0.434995
0.430108
0.415445
0.444770
0.425220
0.420332
0.425220
0.425220
0.449658
0.444770
0.464321
0.474096
0.459433
0.454545
0.459433
0.464321
0.444770
0.469208
0.454545
0.469208
0.454545
0.434995
0.459433
0.439883
0.439883
0.444770
0.430108
0.454545
0.430108
0.449658
0.449658
0.430108
0.444770
0.420332
0.420332
0.415445
0.434995
0.425220
0.444770
0.425220
0.434995
0.449658
0.469208
0.434995
0.439883
0.434995
0.449658
0.434995
0.420332
0.420332
0.425220
0.425220
0.454545
0.434995
0.425220
0.434995
0.430108
0.430108
0.425220
0.439883
0.439883
0.444770
0.449658
0.444770
0.444770
0.449658
0.449658
0.474096
0.449658
0.464321
0.454545
0.449658
0.464321
0.459433
0.464321
0.464321
0.449658
0.439883
0.459433
0.474096
0.439883
0.449658
0.444770
0.464321
0.444770
0.474096
0.430108
0.474096
0.454545
0.464321
0.444770
0.454545
0.483871
0.454545
0.454545
0.478983