0.400782
0.395894
0.420332
0.405670
0.381232
0.381232
0.405670
0.395894
0.391007
0.395894
0.425220
0.415445
0.469208
0.493646
0.444770
0.439883
0.434995
0.483871
0.493646
0.508309
0.449658
0.430108
0.459433
0.420332
0.434995
0.459433
0.503421
0.459433
0.469208
0.444770
0.478983
0.498534
0.610948
0.586510
0.640274
0.811339
0.845552
1.099707
1.085044
1.080156
0.845552
0.767351
0.606061
0.625611
0.635386
0.625611
0.571848
1.055718
1.085044
1.163245
0.962854
0.791789
0.708700
0.630499
0.552297
0.542522
0.845552
0.918866
1.114370
0.928641
1.295210
1.461388
1.407625
1.275660
0.811339
0.830890
0.625611
0.518084
0.493646
0.493646
0.488759
0.488759
0.469208
0.478983
0.474096
0.469208
0.454545
0.434995
0.434995
0.425220
0.415445
0.420332
0.415445
0.430108
0.420332
0.420332
0.420332
0.425220
0.425220
0.434995
0.410557
0.430108
0.405670
0.430108
0.400782
0.425220
0.410557
0.410557
0.405670
0.430108
0.415445
0.420332
0.415445
0.425220
0.420332
0.444770
0.434995
0.439883
0.459433
0.459433
0.449658
0.444770
0.439883
0.434995
0.430108
0.444770
0.425220
0.444770
0.444770
0.449658
0.444770
0.449658
0.459433
0.444770
0.434995
0.425220
0.430108
0.415445
0.425220
0.425220
0.420332
0.420332
0.415445
0.430108
0.439883
0.439883
0.430108
0.454545
0.459433
0.449658
0.444770
0.434995
0.420332
0.430108
0.415445
0.420332
0.420332
0.430108
0.430108
0.425220
0.444770
0.439883
0.444770
0.434995
0.415445
0.415445
0.434995
0.430108
0.430108
0.425220