0.361681
0.356794
0.356794
0.356794
0.356794
0.356794
0.361681
0.351906
0.351906
0.351906
0.351906
0.356794
0.356794
0.356794
0.356794
0.361681
0.356794
0.356794
0.351906
0.351906
0.351906
0.351906
0.356794
0.351906
0.351906
0.351906
0.351906
0.351906
0.351906
0.356794
0.356794
0.356794
0.351906
0.351906
0.351906
0.351906
0.351906
0.351906
0.351906
0.351906
0.351906
0.366569
0.522972
0.581623
0.855327
0.992180
1.045943
0.962854
0.669599
0.884653
0.972630
0.943304
0.889541
0.689150
0.664712
0.718475
0.527859
0.586510
0.581623
0.801564
0.728250
1.422287
1.627566
1.402737
1.187683
4.540567
4.775171
4.775171
4.775171
4.775171
4.173998
3.856305
3.621701
3.098729
2.536657
2.311828
1.867058
1.554252
1.334311
1.148583
0.982405
0.889541
0.806452
0.752688
0.694037
0.654936
0.601173
0.571848
0.493646
0.449658
0.405670
0.342131
0.317693
0.298143
0.332356
0.351906
0.361681
0.317693
0.307918
0.337243
0.347019
0.332356
0.307918
0.307918
0.303030
0.332356
0.351906
0.356794
0.351906
0.356794
0.361681
0.327468
0.337243
0.332356
0.332356
0.337243
0.347019
0.327468
0.347019
0.312805
0.303030
0.312805
0.312805
0.332356
0.351906
0.356794
0.361681
0.332356
0.351906
0.356794
0.356794
0.361681
0.356794
0.356794
0.356794
0.351906
0.356794
0.356794
0.356794
0.356794
0.356794
0.356794
0.356794
0.356794
0.356794
0.356794
0.356794
0.356794
0.356794
0.356794
0.356794
0.356794
0.356794
0.356794
0.356794
0.356794
0.356794
0.356794
0.356794
0.356794