0.454545
0.454545
0.513196
0.439883
0.488759
0.430108
0.469208
0.395894
0.469208
0.503421
0.405670
0.391007
0.376344
0.415445
0.410557
0.410557
0.782014
1.089932
0.767351
0.532747
0.425220
0.386119
0.386119
0.381232
0.391007
0.469208
1.070381
1.476051
1.085044
0.889541
0.674487
0.669599
0.498534
0.449658
0.430108
0.391007
0.591398
0.762463
0.777126
0.821114
0.747801
0.728250
0.762463
0.679374
0.547410
0.542522
0.513196
0.430108
0.503421
0.478983
0.415445
0.464321
0.415445
0.430108
0.698925
0.493646
0.444770
0.527859
0.493646
0.508309
0.689150
0.518084
0.430108
0.425220
0.469208
0.434995
0.483871
0.444770
0.562072
0.498534
0.488759
0.449658
0.469208
0.449658
0.503421
0.522972
0.518084
0.566960
0.478983
0.469208
0.498534
0.444770
0.522972
0.513196
0.488759
0.474096
0.498534
0.527859
0.571848
0.459433
0.664712
0.518084
0.522972
0.503421
0.478983
0.464321
0.464321
0.513196
0.483871
0.439883
0.478983
0.586510
0.610948
0.522972
0.552297
0.713587
0.645161
0.562072
0.532747
0.547410
0.596285
0.640274
0.552297
0.513196
0.620723
0.562072
0.557185
0.562072
0.537634
0.635386
0.601173
0.459433
0.444770
0.459433
0.493646
0.518084
0.503421
0.562072
0.596285
0.581623
0.557185
0.581623
0.571848
0.566960
0.782014
0.552297
0.557185
0.498534
0.532747
0.518084
0.503421
0.581623
0.513196
0.542522
0.596285
0.601173
0.615836
0.576735
0.527859
0.449658
0.518084
0.508309
0.474096
0.493646
0.557185
0.610948
0.694037
0.606061
0.493646
0.606061