0.576735
0.591398
0.615836
0.562072
0.576735
0.601173
0.566960
0.562072
0.576735
0.562072
0.601173
0.635386
0.557185
0.610948
0.527859
0.542522
0.571848
0.552297
0.527859
0.557185
0.581623
0.640274
0.606061
0.654936
0.664712
0.684262
0.703812
0.630499
0.606061
0.615836
0.689150
0.640274
0.615836
0.591398
0.645161
0.576735
0.508309
0.537634
0.557185
0.552297
0.557185
0.557185
0.596285
0.625611
0.620723
0.566960
0.562072
0.566960
0.576735
0.586510
0.562072
0.542522
0.571848
0.620723
0.596285
0.601173
1.236559
1.217009
0.816227
0.752688
0.855327
0.728250
0.728250
0.640274
0.664712
0.630499
0.694037
0.747801
0.679374
0.640274
0.689150
0.806452
0.757576
0.664712
0.791789
0.674487
0.606061
0.654936
0.591398
0.664712
0.654936
0.664712
0.591398
0.615836
0.669599
0.640274
0.684262
0.635386
0.552297
0.630499
0.640274
0.562072
0.586510
0.757576
0.796676
0.909091
0.689150
0.659824
0.591398
0.615836
0.606061
0.537634
0.557185
0.635386
0.645161
0.694037
0.689150
0.630499
0.606061
0.557185
0.522972
0.576735
0.664712
0.596285
0.581623
0.615836
0.625611
0.850440
0.713587
0.620723
0.645161
0.576735
0.571848
0.571848
0.566960
0.542522
0.586510
0.522972
0.503421
0.493646
0.488759
0.493646
0.493646
0.508309
0.483871
0.483871
0.508309
0.498534
0.493646
0.488759
0.493646
0.498534
0.503421
0.483871
0.596285
0.571848
0.513196
0.503421
0.503421
0.513196
0.498534
0.488759
0.513196
0.503421
0.503421
0.493646
0.483871
0.493646
0.493646
0.488759