0.464321
0.493646
0.478983
0.493646
0.488759
0.478983
0.498534
0.483871
0.464321
0.444770
0.420332
0.547410
0.728250
0.708700
0.625611
0.640274
0.640274
0.654936
0.742913
0.767351
0.713587
0.601173
0.635386
1.344086
1.285435
1.212121
0.782014
0.679374
0.576735
0.620723
1.060606
1.202346
1.055718
0.811339
0.703812
0.664712
1.153470
1.192571
1.148583
1.304985
1.045943
0.953079
0.762463
0.615836
0.532747
0.522972
0.503421
0.488759
0.478983
0.474096
0.498534
0.478983
0.478983
0.488759
0.493646
0.488759
0.493646
0.483871
0.478983
0.483871
0.498534
0.488759
0.464321
0.478983
0.474096
0.464321
0.439883
0.478983
0.478983
0.478983
0.444770
0.454545
0.444770
0.464321
0.449658
0.449658
0.459433
0.493646
0.469208
0.444770
0.449658
0.449658
0.444770
0.454545
0.439883
0.454545
0.459433
0.483871
0.449658
0.488759
0.474096
0.464321
0.464321
0.464321
0.503421
0.474096
0.469208
0.493646
0.488759
0.488759
0.493646
0.469208
0.498534
0.493646
0.498534
0.488759
0.478983
0.478983
0.483871
0.488759
0.483871
0.513196
0.503421
0.478983
0.493646
0.488759
0.498534
0.518084
0.508309
0.508309
0.474096
0.498534
0.469208
0.478983
0.454545
0.478983
0.469208
0.459433
0.459433
0.444770
0.449658
0.439883
0.454545
0.444770
0.474096
0.444770
0.459433
0.434995
0.439883
0.478983
0.464321
0.454545
0.454545
0.439883
0.459433
0.444770
0.469208
0.444770
0.474096
0.444770
0.474096
0.444770
0.474096
0.464321
0.478983
0.469208
0.478983
0.493646
0.478983
0.493646