0.606061
0.610948
0.987292
0.835777
0.796676
0.698925
0.698925
0.654936
0.596285
0.747801
0.694037
0.645161
0.601173
0.557185
0.601173
0.664712
0.659824
0.645161
0.610948
0.518084
0.474096
0.503421
1.016618
1.221896
1.441838
0.992180
0.669599
0.645161
0.518084
0.913978
1.182796
1.608016
1.300098
0.801564
0.547410
0.596285
0.640274
0.909091
1.143695
1.158358
0.972630
1.050831
1.265885
1.348974
0.928641
0.757576
0.894428
0.669599
0.679374
0.654936
0.488759
0.576735
0.566960
0.483871
0.513196
0.557185
0.625611
0.654936
0.566960
0.591398
0.503421
0.508309
0.610948
0.537634
0.610948
0.566960
0.620723
0.513196
0.469208
0.474096
0.474096
0.513196
0.532747
0.518084
0.542522
0.537634
0.478983
0.508309
0.454545
0.488759
0.591398
0.508309
0.532747
0.498534
0.454545
0.483871
0.513196
0.469208
0.566960
0.508309
0.518084
0.503421
0.513196
0.483871
0.498534
0.474096
0.464321
0.449658
0.508309
0.498534
0.444770
0.493646
0.557185
0.522972
0.527859
0.522972
0.527859
0.513196
0.513196
0.518084
0.518084
0.493646
0.464321
0.454545
0.454545
0.478983
0.439883
0.474096
0.459433
0.522972
0.498534
0.513196
0.498534
0.478983
0.459433
0.513196
0.503421
0.518084
0.488759
0.488759
0.503421
0.483871
0.532747
0.488759
0.503421
0.454545
0.459433
0.503421
0.547410
0.527859
0.459433
0.478983
0.518084
0.478983
0.459433
0.449658
0.459433
0.459433
0.444770
0.434995
0.449658
0.464321
0.469208
0.454545
0.483871
0.469208
0.513196
0.474096
0.522972
0.576735