0.513196
0.400782
0.356794
0.356794
0.332356
0.351906
0.356794
0.356794
0.351906
0.347019
0.327468
0.317693
0.327468
0.337243
0.386119
0.366569
0.366569
0.361681
0.449658
0.459433
0.483871
0.557185
0.782014
0.899316
0.972630
0.830890
0.679374
0.615836
0.586510
0.547410
0.454545
0.449658
0.430108
0.410557
0.405670
0.366569
0.356794
0.356794
0.356794
0.356794
0.366569
0.366569
0.361681
0.366569
0.361681
0.391007
0.430108
0.478983
0.522972
0.542522
0.596285
0.650049
0.571848
0.801564
0.733138
0.606061
0.630499
0.601173
0.738025
0.630499
0.733138
0.571848
0.659824
0.562072
0.581623
0.640274
0.664712
0.713587
0.757576
0.723363
0.596285
0.718475
0.601173
0.596285
0.547410
0.669599
0.728250
0.625611
0.610948
0.640274
0.571848
0.566960
0.664712
0.615836
0.532747
0.615836
0.728250
0.703812
0.620723
0.669599
0.733138
0.591398
0.654936
0.850440
0.694037
0.557185
0.782014
0.708700
0.596285
0.723363
0.571848
0.557185
0.532747
0.610948
0.513196
0.601173
0.645161
0.620723
0.650049
0.566960
0.513196
0.498534
0.537634
0.483871
0.591398
0.513196
0.459433
0.513196
0.537634
0.620723
0.596285
0.454545
0.493646
0.488759
0.522972
0.586510
0.537634
0.547410
0.503421
0.508309
0.527859
0.635386
1.060606
1.202346
1.749756
2.057674
4.765396
4.765396
4.765396
4.765396
3.558162
2.707722
2.722385
2.678397
2.653959
2.492669
2.287390
2.028348
1.818182
1.622678
1.432063
1.246334
1.055718
0.923754
0.933529
0.933529
0.747801
0.566960
0.601173
0.640274