0.356794
0.356794
0.356794
0.356794
0.356794
0.356794
0.347019
0.351906
0.342131
0.307918
0.303030
0.322581
0.347019
0.351906
0.356794
0.356794
0.356794
0.356794
0.351906
0.356794
0.356794
0.351906
0.356794
0.351906
0.356794
0.356794
0.356794
0.356794
0.356794
0.356794
0.361681
0.356794
0.347019
0.337243
0.322581
0.342131
0.351906
0.405670
0.444770
0.562072
0.650049
1.080156
0.806452
0.777126
0.767351
0.860215
0.904203
0.640274
0.434995
0.356794
0.347019
0.317693
0.322581
0.347019
0.342131
0.351906
0.356794
0.356794
0.347019
0.351906
0.347019
0.347019
0.307918
0.317693
0.327468
0.347019
0.356794
0.356794
0.361681
0.356794
0.356794
0.356794
0.356794
0.361681
0.356794
0.356794
0.356794
0.361681
0.503421
0.562072
0.967742
0.850440
1.001955
0.625611
0.645161
0.635386
0.615836
0.894428
1.104594
0.826002
0.752688
0.782014
0.855327
0.728250
0.786901
0.762463
1.304985
2.404692
3.431085
3.998045
4.310850
2.991202
2.199413
1.691105
1.964809
2.517107
3.069404
3.553275
4.413490
4.775171
4.775171
4.144673
2.859238
2.033236
1.666667
1.666667
1.251222
0.987292
0.669599
0.772239
0.777126
0.777126
1.026393
1.300098
1.564027
1.823069
2.043011
2.028348
2.194526
1.979472
1.744868
1.397849
1.300098
0.997067
0.904203
0.733138
0.684262
0.640274
0.483871
0.410557
0.371457
0.420332
0.386119
0.366569
0.356794
0.366569
0.464321
0.395894
0.366569
0.366569
0.356794
0.356794
0.356794
0.356794
0.366569
0.400782
0.381232
0.356794
0.356794
0.361681