0.474096
0.395894
0.347019
0.312805
0.298143
0.342131
0.351906
0.356794
0.356794
0.356794
0.361681
0.361681
0.361681
0.356794
0.356794
0.347019
0.342131
0.332356
0.351906
0.332356
0.337243
0.342131
0.356794
0.386119
0.400782
0.420332
0.469208
0.552297
0.669599
0.767351
1.070381
0.816227
0.884653
0.860215
0.899316
0.733138
0.889541
0.767351
0.718475
0.772239
0.723363
0.601173
0.894428
3.186706
2.825024
1.476051
4.775171
4.775171
4.770283
3.401760
3.025415
2.653959
2.326491
2.013685
1.798631
1.554252
1.436950
1.290323
1.177908
1.016618
0.899316
0.786901
0.684262
0.566960
0.503421
0.405670
0.351906
0.337243
0.307918
0.342131
0.322581
0.312805
0.337243
0.351906
0.356794
0.356794
0.356794
0.342131
0.351906
0.361681
0.356794
0.361681
0.356794
0.356794
0.356794
0.356794
0.356794
0.356794
0.356794
0.356794
0.356794
0.356794
0.356794
0.356794
0.361681
0.356794
0.361681
0.356794
0.351906
0.356794
0.356794
0.356794
0.356794
0.356794
0.356794
0.356794
0.356794
0.356794
0.356794
0.356794
0.356794
0.356794
0.356794
0.356794
0.356794
0.356794
0.356794
0.356794
0.356794
0.356794
0.356794
0.356794
0.356794
0.356794
0.356794
0.356794
0.356794
0.356794
0.356794
0.356794
0.356794
0.356794
0.356794
0.356794
0.356794
0.351906
0.356794
0.356794
0.356794
0.356794
0.356794
0.351906
0.356794
0.351906
0.356794
0.356794
0.356794
0.356794
0.356794
0.356794
0.356794
0.356794
0.356794
0.356794
0.356794
0.356794
0.356794
0.356794
0.356794
0.356794