0.366569
0.395894
0.581623
0.816227
0.801564
0.782014
0.762463
0.703812
0.786901
0.738025
0.694037
0.610948
0.596285
1.055718
1.764418
1.422287
0.928641
0.723363
0.684262
0.596285
0.586510
0.723363
1.661779
1.534702
1.402737
1.094819
0.938416
0.645161
0.610948
0.566960
0.752688
1.353861
1.695992
1.446725
1.300098
1.226784
0.953079
0.742913
0.537634
0.469208
0.488759
0.483871
0.459433
0.444770
0.430108
0.415445
0.420332
0.410557
0.425220
0.420332
0.430108
0.415445
0.415445
0.425220
0.439883
0.415445
0.439883
0.439883
0.439883
0.434995
0.425220
0.425220
0.430108
0.410557
0.415445
0.434995
0.439883
0.425220
0.444770
0.430108
0.454545
0.434995
0.439883
0.449658
0.449658
0.444770
0.439883
0.444770
0.430108
0.420332
0.430108
0.415445
0.434995
0.439883
0.425220
0.444770
0.439883
0.444770
0.444770
0.430108
0.430108
0.420332
0.430108
0.405670
0.410557
0.395894
0.400782
0.405670
0.415445
0.405670
0.430108
0.405670
0.425220
0.420332
0.420332
0.425220
0.420332
0.425220
0.405670
0.430108
0.430108
0.425220
0.425220
0.439883
0.430108
0.415445
0.415445
0.425220
0.430108
0.439883
0.420332
0.444770
0.425220
0.430108
0.420332
0.410557
0.425220
0.400782
0.439883
0.439883
0.410557
0.434995
0.434995
0.415445
0.425220
0.415445
0.434995
0.449658
0.444770
0.449658
0.449658
0.444770
0.430108
0.444770
0.449658
0.444770
0.415445
0.415445
0.410557
0.415445
0.449658
0.430108
0.454545
0.444770
0.434995
0.439883
0.459433
0.444770
0.425220
0.434995