0.342131
0.356794
0.376344
0.718475
1.314761
1.720430
1.896383
3.294233
4.589443
4.775171
4.775171
4.604106
3.387097
3.807429
3.494624
3.147605
2.712610
2.179863
2.204301
1.901271
1.603128
1.348974
1.124145
0.923754
0.757576
0.625611
0.532747
0.434995
0.400782
0.332356
0.342131
0.356794
0.361681
0.361681
0.361681
0.356794
0.356794
0.356794
0.303030
0.293255
0.332356
0.351906
0.356794
0.356794
0.356794
0.356794
0.356794
0.361681
0.356794
0.356794
0.356794
0.356794
0.356794
0.356794
0.356794
0.391007
0.694037
0.650049
0.547410
0.635386
0.654936
0.522972
0.459433
0.434995
0.400782
0.439883
0.493646
0.449658
0.459433
0.395894
0.371457
0.361681
0.410557
0.371457
0.366569
0.342131
0.351906
0.361681
0.356794
0.356794
0.356794
0.351906
0.356794
0.356794
0.356794
0.356794
0.356794
0.356794
0.356794
0.356794
0.356794
0.356794
0.356794
0.356794
0.356794
0.356794
0.351906
0.356794
0.356794
0.356794
0.356794
0.356794
0.356794
0.356794
0.356794
0.356794
0.356794
0.356794
0.356794
0.356794
0.356794
0.356794
0.356794
0.356794
0.356794
0.356794
0.356794
0.356794
0.356794
0.356794
0.356794
0.356794
0.356794
0.356794
0.356794
0.356794
0.356794
0.356794
0.356794
0.356794
0.356794
0.361681
0.356794
0.356794
0.356794
0.356794
0.356794
0.356794
0.356794
0.356794
0.371457
0.361681
0.361681
0.391007
0.386119
0.478983
0.679374
0.742913
0.630499
0.527859
0.454545
0.474096
0.659824
1.202346
2.194526
3.558162
4.755621
4.775171
4.775171
4.638319