0.356794
0.356794
0.337243
0.351906
0.356794
0.361681
0.351906
0.351906
0.347019
0.347019
0.347019
0.351906
0.351906
0.347019
0.347019
0.347019
0.351906
0.347019
0.351906
0.351906
0.356794
0.356794
0.356794
0.356794
0.356794
0.865103
0.684262
0.483871
0.918866
0.694037
0.777126
0.601173
0.439883
0.356794
0.356794
0.317693
0.347019
0.351906
0.356794
0.356794
0.356794
0.356794
0.356794
0.356794
0.356794
0.356794
0.356794
0.356794
0.356794
0.356794
0.356794
0.361681
0.356794
0.356794
0.356794
0.356794
0.356794
0.356794
0.356794
0.356794
0.356794
0.356794
0.351906
0.356794
0.356794
0.356794
0.356794
0.356794
0.356794
0.356794
0.356794
0.356794
0.356794
0.356794
0.356794
0.356794
0.356794
0.356794
0.356794
0.356794
0.356794
0.351906
0.351906
0.351906
0.356794
0.356794
0.356794
0.356794
0.342131
0.351906
0.356794
0.356794
0.356794
0.351906
0.356794
0.356794
0.347019
0.351906
0.356794
0.356794
0.356794
0.356794
0.356794
0.356794
0.356794
0.356794
0.356794
0.395894
0.586510
0.728250
0.752688
0.894428
0.923754
0.772239
0.845552
0.806452
0.708700
0.576735
0.532747
0.742913
0.806452
0.855327
0.757576
0.801564
0.654936
0.762463
0.835777
0.782014
0.698925
0.674487
0.767351
0.625611
1.129032
1.955034
2.453568
2.649071
4.775171
4.775171
4.770283
4.301075
3.269795
3.049853
2.693060
2.487781
2.223851
1.969697
1.739980
1.495601
1.290323
1.148583
1.016618
0.909091
0.796676
0.640274
0.449658
0.386119
0.371457
0.371457
0.366569
0.337243