0.478983
0.542522
0.591398
0.488759
0.430108
0.430108
0.434995
0.454545
0.430108
0.459433
0.415445
0.415445
0.474096
0.488759
0.454545
0.508309
0.483871
0.498534
0.415445
0.415445
0.459433
0.513196
0.601173
0.508309
0.576735
0.552297
0.449658
0.430108
0.459433
0.395894
0.371457
0.469208
0.415445
0.376344
0.415445
0.376344
0.410557
0.386119
0.400782
0.391007
0.454545
0.469208
0.640274
0.449658
0.391007
0.547410
0.444770
0.391007
0.454545
0.444770
0.410557
0.449658
0.762463
1.001955
0.972630
0.938416
1.011730
1.422287
4.765396
3.905181
2.468231
4.770283
4.765396
4.594330
2.209189
1.554252
1.417400
1.554252
1.353861
1.290323
1.173021
1.055718
1.031281
0.948192
0.840665
0.816227
0.772239
0.738025
0.723363
0.718475
0.557185
0.527859
0.552297
0.537634
0.493646
0.488759
0.522972
0.449658
0.493646
0.483871
0.434995
0.425220
0.405670
0.405670
0.439883
0.430108
0.439883
0.454545
0.449658
0.454545
0.488759
0.474096
0.478983
0.439883
0.464321
0.469208
0.434995
0.469208
0.439883
0.430108
0.430108
0.395894
0.386119
0.395894
0.395894
0.381232
0.395894
0.376344
0.361681
0.386119
0.366569
0.391007
0.395894
0.371457
0.366569
0.361681
0.371457
0.361681
0.391007
0.376344
0.371457
0.371457
0.366569
0.361681
0.356794
0.381232
0.366569
0.400782
0.391007
0.371457
0.361681
0.376344
0.376344
0.366569
0.351906
0.347019
0.351906
0.371457
0.391007
0.366569
0.361681
0.347019
0.356794
0.356794
0.351906
0.361681
0.356794
0.347019
0.351906
0.351906