0.532747
0.537634
0.503421
0.415445
0.674487
0.591398
0.596285
0.542522
0.493646
0.552297
0.459433
0.400782
0.376344
0.366569
0.361681
0.381232
0.415445
0.498534
0.576735
0.654936
0.718475
0.703812
0.694037
0.659824
0.645161
0.635386
0.708700
0.767351
0.796676
0.747801
0.713587
0.669599
0.669599
0.645161
0.581623
0.557185
0.513196
0.488759
0.620723
0.542522
0.542522
0.488759
0.464321
0.464321
0.581623
1.055718
1.251222
1.285435
1.466276
1.275660
1.065494
1.246334
1.500489
2.336266
2.883675
2.341153
1.344086
1.001955
1.031281
0.928641
0.821114
0.615836
0.459433
0.386119
0.366569
0.332356
0.337243
0.332356
0.322581
0.312805
0.317693
0.312805
0.312805
0.337243
0.347019
0.347019
0.351906
0.351906
0.351906
0.356794
0.342131
0.351906
0.351906
0.356794
0.351906
0.351906
0.351906
0.351906
0.351906
0.351906
0.351906
0.337243
0.347019
0.351906
0.351906
0.342131
0.322581
0.337243
0.337243
0.332356
0.322581
0.307918
0.327468
0.312805
0.307918
0.332356
0.322581
0.317693
0.307918
0.317693
0.327468
0.337243
0.342131
0.332356
0.347019
0.351906
0.351906
0.356794
0.351906
0.356794
0.356794
0.356794
0.356794
0.351906
0.356794
0.351906
0.351906
0.351906
0.351906
0.356794
0.356794
0.356794
0.356794
0.356794
0.356794
0.356794
0.356794
0.356794
0.356794
0.356794
0.356794
0.356794
0.356794
0.356794
0.356794
0.351906
0.356794
0.356794
0.356794
0.356794
0.356794
0.356794
0.356794
0.356794
0.356794
0.356794
0.356794
0.356794
0.356794
0.356794