0.581623
0.444770
0.420332
0.430108
0.415445
0.400782
0.366569
0.366569
0.371457
0.381232
0.371457
0.366569
0.361681
0.361681
0.371457
0.366569
0.366569
0.366569
0.376344
0.371457
0.386119
0.371457
0.386119
0.366569
0.361681
0.361681
0.366569
0.361681
0.391007
0.376344
0.366569
0.366569
0.371457
0.361681
0.371457
0.391007
0.366569
0.371457
0.366569
0.361681
0.361681
0.366569
0.366569
0.376344
0.395894
0.371457
0.361681
0.371457
0.366569
0.386119
0.381232
0.386119
0.366569
0.386119
0.376344
0.391007
0.371457
0.366569
0.361681
0.366569
0.356794
0.356794
0.371457
0.391007
0.366569
0.361681
0.356794
0.376344
0.391007
0.376344
0.361681
0.371457
0.366569
0.366569
0.356794
0.356794
0.361681
0.371457
0.381232
0.361681
0.376344
0.376344
0.361681
0.356794
0.361681
0.386119
0.381232
0.366569
0.371457
0.361681
0.376344
0.366569
0.361681
0.361681
0.361681
0.356794
0.371457
0.356794
0.386119
0.386119
0.371457
0.366569
0.376344
0.361681
0.361681
0.366569
0.356794
0.361681
0.356794
0.376344
0.361681
0.361681
0.361681
0.361681
0.356794
0.361681
0.356794
0.366569
0.361681
0.376344
0.366569
0.376344
0.718475
0.566960
0.425220
0.405670
0.860215
1.476051
1.392962
1.236559
1.505376
1.187683
3.807429
3.455523
4.775171
3.533724
3.729228
3.128055
1.769306
1.265885
1.050831
0.659824
0.571848
0.430108
0.405670
0.391007
0.395894
0.386119
0.410557
0.415445
0.420332
0.376344
0.420332
0.420332
0.381232
0.391007
0.391007
0.356794
0.405670
0.371457