0.395894
0.434995
0.503421
0.474096
0.469208
0.449658
0.420332
0.381232
0.469208
0.498534
0.474096
0.474096
0.469208
0.464321
0.439883
0.439883
0.425220
0.425220
0.439883
0.425220
0.449658
0.454545
0.444770
0.449658
0.449658
0.439883
0.430108
0.459433
0.444770
0.518084
0.527859
0.493646
0.645161
0.532747
0.478983
0.591398
0.801564
1.192571
0.967742
0.757576
0.708700
0.615836
0.659824
0.728250
0.987292
0.821114
1.045943
0.909091
0.884653
0.879765
0.679374
0.547410
0.601173
0.791789
0.698925
0.855327
0.835777
0.992180
1.026393
0.728250
0.684262
0.723363
0.625611
0.571848
0.513196
0.547410
0.464321
0.474096
0.474096
0.483871
0.513196
0.498534
0.469208
0.454545
0.522972
0.469208
0.464321
0.459433
0.444770
0.430108
0.478983
0.459433
0.454545
0.469208
0.454545
0.425220
0.459433
0.454545
0.434995
0.449658
0.444770
0.459433
0.459433
0.430108
0.464321
0.430108
0.449658
0.434995
0.449658
0.449658
0.469208
0.459433
0.474096
0.464321
0.459433
0.444770
0.439883
0.464321
0.483871
0.464321
0.483871
0.459433
0.464321
0.464321
0.454545
0.434995
0.430108
0.459433
0.425220
0.483871
0.439883
0.444770
0.430108
0.444770
0.439883
0.478983
0.454545
0.459433
0.474096
0.415445
0.434995
0.439883
0.444770
0.464321
0.430108
0.449658
0.434995
0.434995
0.420332
0.425220
0.444770
0.430108
0.430108
0.439883
0.439883
0.434995
0.430108
0.434995
0.430108
0.425220
0.420332
0.425220
0.415445
0.410557
0.420332
0.415445
0.391007
0.420332
0.430108
0.434995