0.356794
0.361681
0.356794
0.356794
0.356794
0.356794
0.356794
0.356794
0.356794
0.356794
0.356794
0.356794
0.356794
0.356794
0.356794
0.356794
0.381232
0.439883
0.532747
0.596285
0.826002
0.855327
1.065494
0.840665
0.879765
0.830890
1.656891
4.770283
4.775171
4.775171
4.770283
4.775171
3.338221
2.629521
2.585533
2.487781
2.771261
2.385142
2.438905
2.140762
2.052786
1.857283
1.686217
1.505376
1.358749
1.226784
1.124145
1.050831
0.972630
0.894428
0.850440
0.796676
0.694037
0.650049
0.625611
0.596285
0.576735
0.552297
0.498534
0.503421
0.483871
0.439883
0.405670
0.395894
0.420332
0.405670
0.400782
0.405670
0.420332
0.395894
0.366569
0.347019
0.337243
0.332356
0.342131
0.317693
0.327468
0.327468
0.327468
0.342131
0.356794
0.356794
0.361681
0.356794
0.351906
0.342131
0.332356
0.332356
0.317693
0.303030
0.317693
0.342131
0.351906
0.351906
0.356794
0.356794
0.361681
0.356794
0.361681
0.361681
0.356794
0.361681
0.361681
0.356794
0.361681
0.361681
0.356794
0.361681
0.361681
0.361681
0.356794
0.361681
0.361681
0.361681
0.361681
0.361681
0.361681
0.361681
0.361681
0.361681
0.356794
0.361681
0.356794
0.356794
0.356794
0.356794
0.356794
0.356794
0.356794
0.356794
0.356794
0.356794
0.356794
0.356794
0.356794
0.356794
0.356794
0.356794
0.356794
0.356794
0.356794
0.356794
0.356794
0.356794
0.356794
0.356794
0.356794
0.356794
0.356794
0.356794
0.356794
0.356794
0.356794
0.356794
0.356794
0.356794
0.356794
0.356794
0.361681
0.356794