1.075269
1.065494
1.104594
1.031281
1.045943
1.050831
1.045943
1.050831
1.055718
1.060606
1.075269
1.075269
1.050831
1.001955
0.933529
0.997067
1.256109
1.700880
1.524927
1.441838
1.290323
1.319648
1.075269
1.036168
1.099707
1.080156
1.202346
1.798631
2.023460
1.847507
1.324536
1.309873
1.080156
1.026393
1.050831
1.011730
1.050831
1.016618
1.045943
1.246334
1.867058
1.969697
1.739980
1.617791
1.446725
1.441838
1.456500
1.544477
1.598240
1.456500
1.480938
1.695992
1.524927
1.339198
1.295210
1.397849
1.534702
1.441838
1.295210
1.334311
1.300098
1.378299
1.368524
1.319648
1.280547
1.256109
1.309873
1.373412
1.344086
1.285435
1.300098
1.339198
1.441838
1.226784
1.436950
1.256109
1.226784
1.300098
1.236559
1.173021
1.119257
1.373412
1.456500
1.373412
1.246334
1.187683
1.182796
1.129032
1.217009
1.265885
1.383187
1.265885
1.212121
1.256109
1.133920
1.334311
1.153470
1.153470
1.226784
1.133920
1.221896
1.197458
1.280547
1.138807
1.129032
1.290323
1.202346
1.202346
1.221896
1.280547
1.192571
1.168133
1.173021
1.207234
1.231672
1.226784
1.217009
1.309873
1.348974
1.290323
1.221896
1.319648
1.173021
1.109482
1.104594
1.392962
1.275660
1.226784
1.138807
1.192571
1.163245
1.231672
1.177908
1.436950
1.495601
1.329423
1.177908
1.202346
1.295210
1.173021
1.138807
1.094819
1.251222
1.241447
1.212121
1.212121
1.212121
1.324536
1.251222
1.339198
1.124145
1.295210
1.251222
1.392962
1.221896
1.373412
1.363636
1.290323
1.177908
1.138807