
0.542522
0.537634
0.518084
0.498534
0.498534
0.464321
0.434995
0.434995
0.581623
0.635386
0.654936
0.674487
0.733138
0.654936
0.708700
0.694037
0.786901
0.733138
0.728250
0.601173
0.694037
0.689150
1.886608
1.710655
1.109482
0.938416
0.684262
0.664712
0.562072
1.217009
1.964809
1.412512
1.060606
0.757576
0.630499
0.679374
1.319648
1.559140
1.344086
0.918866
0.840665
0.718475
0.635386
0.591398
0.552297
0.527859
0.522972
0.503421
0.493646
0.518084
0.503421
0.518084
0.513196
0.518084
0.522972
0.508309
0.513196
0.527859
0.532747
0.508309
0.503421
0.527859
0.503421
0.483871
0.483871
0.464321
0.508309
0.498534
0.518084
0.542522
0.493646
0.483871
0.493646
0.498534
0.503421
0.527859
0.527859
0.508309
0.522972
0.508309
0.493646
0.483871
0.503421
0.474096
0.488759
0.488759
0.488759
0.488759
0.508309
0.503421
0.498534
0.498534
0.498534
0.508309
0.513196
0.493646
0.522972
0.508309
0.522972
0.488759
0.518084
0.483871
0.503421
0.478983
0.474096
0.464321
0.503421
0.503421
0.508309
0.503421
0.527859
0.503421
0.527859
0.508309
0.513196
0.527859
0.518084
0.493646
0.498534
0.488759
0.493646
0.493646
0.493646
0.478983
0.498534
0.522972
0.518084
0.542522
0.493646
0.518084
0.503421
0.508309
0.522972
0.532747
0.518084
0.522972
0.522972
0.478983
0.488759
0.488759
0.508309
0.508309
0.498534
0.488759
0.474096
0.474096
0.478983
0.454545
0.474096
0.469208
0.508309
0.488759
0.469208
0.483871
0.483871
0.508309
0.503421
0.483871
0.493646
0.469208