
0.483871
0.498534
0.537634
0.522972
0.498534
0.474096
0.439883
0.493646
0.557185
0.596285
0.625611
0.601173
0.610948
0.566960
0.576735
0.576735
0.596285
0.606061
0.615836
0.625611
0.777126
1.759531
1.319648
1.119257
0.826002
0.674487
0.640274
0.615836
1.094819
1.226784
1.348974
1.016618
0.860215
0.733138
0.640274
0.606061
1.026393
1.055718
1.158358
1.143695
1.124145
0.879765
0.752688
0.581623
0.615836
0.547410
0.552297
0.591398
0.527859
0.508309
0.522972
0.503421
0.498534
0.513196
0.498534
0.522972
0.498534
0.478983
0.493646
0.488759
0.503421
0.478983
0.503421
0.513196
0.522972
0.488759
0.518084
0.503421
0.508309
0.488759
0.508309
0.469208
0.469208
0.454545
0.478983
0.478983
0.444770
0.478983
0.454545
0.469208
0.454545
0.454545
0.449658
0.454545
0.454545
0.464321
0.469208
0.478983
0.469208
0.444770
0.483871
0.449658
0.449658
0.469208
0.444770
0.444770
0.434995
0.439883
0.449658
0.464321
0.449658
0.454545
0.444770
0.464321
0.464321
0.469208
0.439883
0.464321
0.459433
0.459433
0.459433
0.469208
0.464321
0.478983
0.474096
0.464321
0.464321
0.439883
0.454545
0.478983
0.464321
0.459433
0.483871
0.522972
0.522972
0.527859
0.508309
0.488759
0.508309
0.498534
0.488759
0.478983
0.498534
0.498534
0.478983
0.474096
0.469208
0.518084
0.503421
0.474096
0.498534
0.464321
0.498534
0.522972
0.483871
0.483871
0.498534
0.498534
0.488759
0.478983
0.454545
0.449658
0.483871
0.454545
0.464321
0.483871
0.459433
0.444770
0.469208
0.498534