0.386119
0.391007
0.400782
0.386119
0.386119
0.371457
0.366569
0.425220
0.474096
0.444770
0.395894
0.400782
0.391007
0.405670
0.395894
0.400782
0.400782
0.410557
0.415445
0.410557
0.415445
0.439883
0.420332
0.449658
0.576735
0.610948
0.620723
0.571848
0.503421
0.488759
0.645161
0.826002
1.246334
1.290323
1.202346
1.085044
0.860215
0.650049
0.640274
0.571848
0.581623
0.987292
1.163245
1.226784
1.280547
1.021505
0.806452
0.571848
0.547410
0.654936
0.610948
0.767351
0.684262
0.757576
0.943304
1.104594
0.865103
0.855327
0.791789
0.698925
0.650049
0.566960
0.522972
0.513196
0.483871
0.444770
0.415445
0.420332
0.400782
0.395894
0.405670
0.395894
0.386119
0.386119
0.395894
0.395894
0.420332
0.395894
0.400782
0.395894
0.405670
0.381232
0.391007
0.395894
0.381232
0.395894
0.405670
0.400782
0.395894
0.395894
0.400782
0.400782
0.395894
0.410557
0.395894
0.415445
0.400782
0.410557
0.400782
0.400782
0.395894
0.391007
0.391007
0.391007
0.386119
0.405670
0.400782
0.405670
0.400782
0.415445
0.395894
0.415445
0.415445
0.415445
0.395894
0.415445
0.395894
0.405670
0.405670
0.395894
0.405670
0.395894
0.391007
0.391007
0.386119
0.391007
0.386119
0.386119
0.386119
0.395894
0.391007
0.386119
0.400782
0.386119
0.386119
0.381232
0.386119
0.395894
0.400782
0.405670
0.386119
0.386119
0.391007
0.391007
0.391007
0.391007
0.395894
0.391007
0.395894
0.395894
0.400782
0.395894
0.400782
0.391007
0.395894
0.395894
0.395894
0.400782
0.395894
0.395894