0.474096
0.434995
0.469208
0.581623
0.571848
0.527859
0.557185
0.527859
0.508309
0.513196
0.454545
0.415445
0.376344
0.415445
0.376344
0.464321
0.552297
0.557185
0.782014
0.679374
0.454545
0.503421
0.444770
0.454545
0.391007
0.366569
0.361681
0.351906
0.322581
0.342131
0.351906
0.332356
0.312805
0.332356
0.400782
0.366569
0.356794
0.356794
0.351906
0.395894
0.366569
0.356794
0.351906
0.376344
0.361681
0.356794
0.351906
0.356794
0.356794
0.356794
0.356794
0.361681
0.356794
0.356794
0.381232
0.400782
0.444770
0.630499
0.816227
0.767351
0.728250
0.669599
0.547410
0.542522
0.562072
1.808407
2.287390
2.038123
1.358749
4.775171
4.775171
4.315738
3.064516
2.869013
2.150538
1.823069
1.622678
1.529814
1.378299
1.290323
1.192571
1.085044
0.918866
0.796676
0.713587
0.679374
0.596285
0.527859
0.444770
0.415445
0.391007
0.347019
0.332356
0.312805
0.342131
0.351906
0.356794
0.356794
0.356794
0.356794
0.356794
0.356794
0.356794
0.356794
0.356794
0.386119
0.562072
0.747801
0.757576
0.694037
0.884653
0.826002
0.767351
0.689150
0.610948
0.483871
0.459433
0.518084
0.498534
0.474096
0.557185
0.508309
0.449658
0.425220
0.508309
0.474096
0.469208
0.425220
0.552297
0.542522
0.586510
0.669599
0.513196
0.547410
0.474096
0.518084
0.430108
0.449658
0.474096
0.459433
0.434995
0.430108
0.449658
0.762463
1.793744
1.681329
1.358749
2.091887
4.775171
4.775171
4.775171
4.770283
3.958944
3.587488
3.333333
3.108504
2.795699
2.541544
2.316716
2.008798