0.933529
0.899316
0.845552
0.830890
0.767351
0.782014
0.738025
0.645161
0.610948
0.571848
0.606061
0.552297
0.557185
0.532747
0.547410
0.513196
0.483871
0.557185
0.689150
0.869990
0.659824
0.601173
0.650049
0.606061
0.913978
1.260997
0.957967
1.153470
1.246334
1.197458
1.241447
2.350929
4.002933
4.775171
2.961877
4.608993
4.755621
3.035191
1.715543
1.080156
1.085044
0.977517
0.747801
0.571848
0.620723
0.645161
0.689150
0.542522
0.488759
0.434995
0.444770
0.469208
0.425220
0.430108
0.459433
0.410557
0.425220
0.430108
0.391007
0.444770
0.454545
0.469208
0.591398
0.654936
0.610948
0.478983
0.488759
0.689150
0.650049
0.669599
0.786901
0.762463
0.601173
0.522972
0.483871
0.527859
0.464321
0.459433
0.522972
0.508309
0.547410
0.566960
0.557185
0.547410
0.571848
0.581623
0.542522
0.640274
0.581623
0.557185
0.576735
0.689150
0.733138
0.698925
0.615836
0.557185
0.786901
0.674487
0.698925
0.625611
0.532747
0.493646
0.581623
0.522972
0.518084
0.513196
0.542522
0.488759
0.430108
0.449658
0.454545
0.400782
0.410557
0.356794
0.400782
0.371457
0.386119
0.327468
0.347019
0.351906
0.356794
0.420332
0.420332
0.444770
0.395894
0.376344
0.371457
0.332356
0.327468
0.312805
0.312805
0.317693
0.288368
0.327468
0.342131
0.337243
0.351906
0.327468
0.351906
0.356794
0.356794
0.356794
0.356794
0.356794
0.356794
0.356794
0.356794
0.356794
0.361681
0.361681
0.361681
0.356794
0.356794
0.356794
0.356794
0.356794
0.356794
0.361681
0.356794
0.356794