0.444770
0.449658
0.464321
0.439883
0.459433
0.425220
0.474096
0.488759
0.689150
0.542522
0.508309
0.518084
0.498534
0.522972
0.488759
0.439883
0.508309
0.527859
0.464321
0.478983
0.576735
0.606061
0.508309
0.430108
0.425220
0.434995
0.395894
0.425220
0.469208
0.444770
0.474096
0.430108
0.449658
0.439883
0.488759
0.434995
0.415445
0.381232
0.425220
0.474096
0.493646
0.425220
0.420332
0.444770
0.425220
0.430108
0.439883
0.386119
0.395894
0.391007
0.415445
0.469208
0.434995
0.386119
0.430108
0.425220
0.464321
0.430108
0.425220
0.478983
0.459433
0.420332
0.439883
0.459433
0.449658
0.478983
0.430108
0.395894
0.381232
0.425220
0.439883
0.420332
0.542522
0.474096
0.395894
0.527859
0.444770
0.464321
0.434995
0.449658
0.434995
0.439883
0.386119
0.444770
0.395894
0.400782
0.376344
0.425220
0.400782
0.444770
0.459433
0.391007
0.376344
0.405670
0.405670
0.381232
0.410557
0.386119
0.430108
0.420332
0.400782
0.366569
0.483871
0.415445
0.434995
0.454545
0.483871
0.478983
0.420332
0.391007
0.386119
0.488759
0.405670
0.391007
0.391007
0.503421
0.483871
0.454545
0.488759
0.606061
0.498534
0.464321
0.391007
0.493646
0.425220
0.386119
0.860215
0.962854
1.466276
1.427175
1.412512
1.309873
1.285435
1.974585
2.003910
1.974585
1.480938
1.270772
4.775171
4.775171
4.775171
4.770283
2.404692
1.749756
1.608016
2.248289
2.478006
2.390029
2.101662
1.876833
1.837732
1.935484
1.808407
1.520039
1.270772
1.143695
0.957967
0.874878
0.791789
0.650049