0.391007
0.400782
0.493646
0.488759
0.459433
0.425220
0.410557
0.391007
0.381232
0.386119
0.493646
0.508309
0.503421
0.469208
0.459433
0.420332
0.410557
0.395894
0.395894
0.386119
0.405670
0.425220
0.430108
0.444770
0.434995
0.425220
0.434995
0.425220
0.420332
0.703812
0.552297
0.493646
0.488759
0.591398
0.762463
0.840665
0.909091
1.104594
1.158358
0.874878
0.674487
0.620723
0.547410
0.713587
0.703812
0.938416
1.016618
0.884653
0.967742
0.791789
0.591398
0.610948
0.566960
0.542522
0.757576
0.786901
1.045943
1.021505
1.226784
1.148583
1.339198
1.163245
0.723363
0.606061
0.478983
0.459433
0.434995
0.522972
0.518084
0.459433
0.464321
0.464321
0.439883
0.449658
0.430108
0.454545
0.430108
0.425220
0.410557
0.400782
0.410557
0.420332
0.410557
0.415445
0.400782
0.391007
0.386119
0.410557
0.395894
0.405670
0.391007
0.415445
0.391007
0.405670
0.391007
0.395894
0.395894
0.400782
0.405670
0.395894
0.391007
0.400782
0.391007
0.410557
0.400782
0.410557
0.391007
0.395894
0.395894
0.386119
0.395894
0.395894
0.400782
0.395894
0.386119
0.395894
0.405670
0.400782
0.410557
0.400782
0.400782
0.395894
0.395894
0.386119
0.405670
0.395894
0.381232
0.386119
0.415445
0.400782
0.395894
0.400782
0.410557
0.395894
0.405670
0.395894
0.400782
0.400782
0.405670
0.391007
0.410557
0.395894
0.400782
0.400782
0.395894
0.395894
0.410557
0.395894
0.405670
0.405670
0.400782
0.400782
0.400782
0.405670
0.410557
0.449658
0.434995
0.410557
0.405670
0.400782