0.415445
0.405670
0.459433
0.454545
0.430108
0.410557
0.376344
0.478983
0.522972
0.522972
0.493646
0.493646
0.513196
0.518084
0.508309
0.474096
0.591398
0.826002
0.923754
1.133920
1.309873
0.796676
0.723363
0.694037
0.581623
0.625611
0.869990
1.207234
1.217009
0.997067
0.821114
0.606061
0.591398
0.562072
1.085044
1.593353
1.407625
1.226784
0.962854
0.821114
1.143695
0.738025
0.664712
0.527859
0.459433
0.459433
0.444770
0.449658
0.469208
0.459433
0.430108
0.434995
0.430108
0.439883
0.430108
0.430108
0.425220
0.444770
0.430108
0.415445
0.405670
0.430108
0.449658
0.430108
0.430108
0.420332
0.430108
0.415445
0.439883
0.434995
0.439883
0.420332
0.434995
0.434995
0.439883
0.410557
0.415445
0.415445
0.425220
0.430108
0.430108
0.434995
0.434995
0.420332
0.430108
0.434995
0.420332
0.439883
0.439883
0.425220
0.415445
0.410557
0.430108
0.439883
0.430108
0.439883
0.434995
0.434995
0.425220
0.425220
0.415445
0.430108
0.439883
0.434995
0.400782
0.430108
0.430108
0.420332
0.415445
0.420332
0.410557
0.425220
0.420332
0.420332
0.405670
0.430108
0.420332
0.415445
0.405670
0.420332
0.420332
0.425220
0.425220
0.430108
0.439883
0.430108
0.430108
0.430108
0.425220
0.420332
0.410557
0.405670
0.420332
0.430108
0.430108
0.430108
0.420332
0.434995
0.420332
0.425220
0.405670
0.415445
0.420332
0.415445
0.415445
0.434995
0.425220
0.420332
0.434995
0.439883
0.415445
0.415445
0.405670
0.430108
0.434995
0.420332
0.439883
0.420332
0.415445
0.415445