0.469208
0.449658
0.498534
0.439883
0.444770
0.405670
0.434995
0.410557
0.386119
0.454545
0.405670
0.425220
0.444770
0.395894
0.434995
0.552297
0.698925
0.493646
0.566960
0.493646
0.522972
0.469208
0.449658
0.434995
0.459433
0.425220
0.391007
0.449658
0.430108
0.405670
0.493646
0.498534
0.562072
0.503421
0.474096
0.464321
0.464321
0.439883
0.425220
0.420332
0.395894
0.400782
0.415445
0.386119
0.410557
0.444770
0.601173
0.444770
0.439883
0.415445
0.459433
0.454545
0.454545
0.552297
0.527859
0.508309
0.454545
0.664712
0.698925
0.576735
0.488759
0.635386
0.738025
0.762463
1.016618
1.221896
1.681329
2.086999
1.578690
2.023460
3.460411
4.775171
4.775171
4.775171
4.775171
4.775171
4.770283
4.100684
4.731183
4.755621
4.565005
4.633431
4.340176
3.900293
3.445748
3.118280
2.844575
2.551320
2.316716
2.145650
1.999022
1.827957
1.720430
1.573803
1.427175
1.295210
1.187683
1.085044
0.972630
0.855327
0.786901
0.738025
0.640274
0.557185
0.522972
0.439883
0.391007
0.337243
0.332356
0.317693
0.298143
0.332356
0.351906
0.361681
0.361681
0.361681
0.361681
0.361681
0.361681
0.361681
0.356794
0.356794
0.361681
0.361681
0.356794
0.356794
0.356794
0.356794
0.361681
0.356794
0.356794
0.361681
0.361681
0.356794
0.356794
0.361681
0.361681
0.356794
0.356794
0.356794
0.356794
0.356794
0.356794
0.356794
0.356794
0.356794
0.356794
0.361681
0.356794
0.356794
0.361681
0.356794
0.356794
0.356794
0.356794
0.356794
0.356794
0.356794
0.356794
0.356794