0.356794
0.366569
0.366569
0.347019
0.356794
0.356794
0.361681
0.356794
0.356794
0.356794
0.356794
0.366569
0.361681
0.351906
0.356794
0.356794
0.356794
0.356794
0.361681
0.361681
0.434995
0.386119
0.371457
0.410557
0.376344
0.366569
0.361681
0.351906
0.449658
0.449658
0.395894
0.337243
0.312805
0.337243
0.356794
0.376344
0.351906
0.327468
0.307918
0.332356
0.342131
0.351906
0.347019
0.342131
0.337243
0.342131
0.351906
0.347019
0.337243
0.332356
0.342131
0.351906
0.351906
0.356794
0.347019
0.347019
0.337243
0.342131
0.356794
0.342131
0.356794
0.356794
0.356794
0.347019
0.351906
0.347019
0.351906
0.391007
0.386119
0.391007
0.395894
0.410557
0.459433
0.483871
0.469208
0.420332
0.356794
0.337243
0.337243
0.342131
0.351906
0.351906
0.356794
0.356794
0.347019
0.356794
0.356794
0.356794
0.356794
0.356794
0.356794
0.337243
0.347019
0.351906
0.356794
0.356794
0.356794
0.356794
0.356794
0.356794
0.356794
0.405670
0.591398
0.518084
0.478983
0.469208
0.454545
0.576735
0.801564
0.581623
0.752688
0.835777
0.786901
0.742913
0.581623
0.522972
0.488759
0.547410
0.449658
0.434995
0.537634
0.498534
0.522972
0.571848
0.557185
0.522972
0.522972
0.957967
1.353861
1.847507
1.529814
2.160313
4.775171
4.775171
4.775171
4.765396
4.154448
4.105572
3.910068
3.406647
2.878788
2.453568
2.199413
2.003910
1.803519
1.642229
1.495601
1.373412
1.256109
1.129032
1.011730
0.938416
0.879765
0.674487
0.928641
0.909091
0.747801
0.640274
0.571848
0.547410