0.395894
0.434995
0.474096
0.434995
0.444770
0.434995
0.430108
0.420332
0.395894
0.400782
0.386119
0.376344
0.386119
0.391007
0.425220
0.434995
0.434995
0.405670
0.415445
0.405670
0.395894
0.386119
0.376344
0.371457
0.391007
0.376344
0.371457
0.386119
0.376344
0.371457
0.371457
0.371457
0.371457
0.381232
0.381232
0.391007
0.371457
0.395894
0.425220
0.395894
0.386119
0.395894
0.405670
0.391007
0.386119
0.381232
0.371457
0.469208
0.518084
0.522972
0.522972
0.483871
0.464321
0.459433
0.430108
0.425220
0.434995
0.488759
0.518084
0.640274
1.202346
0.972630
0.874878
0.752688
0.620723
0.522972
0.508309
0.454545
0.610948
0.933529
1.089932
1.148583
0.909091
0.742913
0.581623
0.478983
0.552297
1.544477
1.114370
1.138807
1.099707
0.899316
0.894428
0.752688
0.615836
0.552297
0.586510
0.493646
0.469208
0.488759
0.459433
0.444770
0.459433
0.469208
0.420332
0.430108
0.415445
0.439883
0.430108
0.425220
0.434995
0.449658
0.439883
0.444770
0.464321
0.513196
0.513196
0.513196
0.449658
0.434995
0.444770
0.439883
0.439883
0.483871
0.469208
0.483871
0.459433
0.444770
0.464321
0.488759
0.522972
0.513196
0.478983
0.488759
0.449658
0.449658
0.513196
0.483871
0.483871
0.459433
0.493646
0.434995
0.454545
0.449658
0.425220
0.454545
0.454545
0.459433
0.464321
0.439883
0.493646
0.478983
0.478983
0.459433
0.503421
0.459433
0.469208
0.434995
0.464321
0.474096
0.464321
0.459433
0.474096
0.459433
0.434995
0.439883
0.459433
0.469208
0.503421
0.469208