0.415445
0.469208
0.474096
0.430108
0.454545
0.454545
0.454545
0.493646
0.503421
0.503421
0.503421
0.478983
0.503421
0.478983
0.620723
0.811339
0.830890
0.884653
1.823069
1.705767
2.463343
2.262952
2.165200
4.183773
4.775171
4.775171
4.775171
4.775171
4.413490
4.535679
4.755621
4.765396
4.765396
4.569892
3.866080
3.607038
3.274682
3.005865
2.693060
2.429130
2.174976
1.837732
1.642229
1.500489
1.339198
1.119257
0.992180
0.928641
0.772239
0.708700
0.796676
0.596285
0.596285
0.434995
0.376344
0.391007
0.371457
0.366569
0.361681
0.361681
0.356794
0.356794
0.361681
0.361681
0.361681
0.366569
0.361681
0.361681
0.361681
0.361681
0.361681
0.361681
0.356794
0.356794
0.356794
0.361681
0.361681
0.356794
0.361681
0.361681
0.356794
0.356794
0.361681
0.356794
0.356794
0.356794
0.356794
0.356794
0.356794
0.356794
0.356794
0.356794
0.356794
0.356794
0.356794
0.356794
0.356794
0.356794
0.356794
0.356794
0.356794
0.356794
0.356794
0.356794
0.356794
0.356794
0.356794
0.356794
0.356794
0.356794
0.356794
0.356794
0.356794
0.356794
0.356794
0.356794
0.356794
0.356794
0.356794
0.356794
0.356794
0.356794
0.356794
0.356794
0.356794
0.356794
0.356794
0.361681
0.356794
0.356794
0.356794
0.356794
0.356794
0.356794
0.356794
0.356794
0.356794
0.356794
0.356794
0.356794
0.356794
0.356794
0.356794
0.356794
0.356794
0.356794
0.356794
0.356794
0.347019
0.337243
0.337243
0.361681
0.391007
0.386119
0.361681
0.366569
0.356794
0.391007
0.434995
0.420332