0.356794
0.356794
0.356794
0.356794
0.356794
0.356794
0.356794
0.356794
0.356794
0.356794
0.356794
0.356794
0.356794
0.356794
0.356794
0.356794
0.356794
0.356794
0.356794
0.356794
0.356794
0.356794
0.356794
0.356794
0.356794
0.356794
0.356794
0.356794
0.356794
0.356794
0.356794
0.356794
0.356794
0.356794
0.361681
0.356794
0.356794
0.356794
0.347019
0.351906
0.351906
0.351906
0.356794
0.356794
0.361681
0.469208
0.855327
0.992180
0.938416
0.830890
1.006843
0.869990
0.620723
0.630499
0.606061
0.532747
0.532747
0.596285
0.630499
0.806452
1.344086
0.948192
0.845552
0.689150
0.806452
0.869990
0.821114
0.684262
0.684262
0.879765
0.786901
0.889541
0.791789
0.684262
0.713587
0.650049
0.694037
0.874878
0.762463
0.684262
0.625611
0.742913
0.562072
0.566960
0.630499
0.650049
0.645161
0.454545
0.708700
0.532747
0.679374
0.752688
0.811339
0.689150
0.689150
0.615836
0.601173
0.786901
1.031281
0.767351
0.777126
0.742913
0.674487
0.757576
0.806452
0.762463
0.708700
0.796676
0.860215
0.791789
0.865103
0.987292
1.080156
1.197458
1.070381
0.992180
1.041056
1.187683
1.060606
1.041056
0.992180
0.987292
0.811339
0.796676
0.938416
0.816227
0.708700
0.723363
0.869990
2.199413
2.028348
1.446725
1.280547
2.478006
4.775171
4.775171
4.775171
4.257087
3.279570
3.123167
2.629521
2.741935
2.561095
2.174976
1.959922
1.695992
1.661779
1.510264
1.358749
1.270772
1.129032
0.967742
0.899316
0.806452
0.698925
0.610948
0.532747
0.454545
0.410557
0.351906