0.356794
0.356794
0.356794
0.356794
0.356794
0.356794
0.356794
0.356794
0.356794
0.356794
0.356794
0.356794
0.356794
0.356794
0.356794
0.356794
0.356794
0.356794
0.356794
0.356794
0.356794
0.356794
0.361681
0.351906
0.347019
0.327468
0.298143
0.293255
0.307918
0.317693
0.342131
0.351906
0.351906
0.351906
0.351906
0.347019
0.351906
0.351906
0.356794
0.356794
0.356794
0.356794
0.356794
0.356794
0.356794
0.356794
0.347019
0.351906
0.356794
0.351906
0.351906
0.356794
0.351906
0.356794
0.356794
0.356794
0.356794
0.351906
0.351906
0.356794
0.356794
0.356794
0.356794
0.356794
0.356794
0.356794
0.356794
0.356794
0.356794
0.356794
0.356794
0.356794
0.356794
0.356794
0.356794
0.356794
0.351906
0.356794
0.356794
0.356794
0.356794
0.356794
0.356794
0.356794
0.356794
0.356794
0.356794
0.356794
0.356794
0.366569
0.361681
0.537634
0.449658
0.395894
0.376344
0.361681
0.762463
0.571848
1.241447
2.121212
2.605083
3.924731
3.587488
3.900293
3.563050
2.575758
1.666667
2.204301
3.049853
3.797654
3.538612
3.680352
3.284457
2.766373
2.248289
1.798631
1.392962
1.050831
0.767351
0.537634
0.430108
0.391007
0.371457
0.361681
0.361681
0.356794
0.356794
0.356794
0.356794
0.347019
0.347019
0.351906
0.351906
0.347019
0.351906
0.351906
0.351906
0.332356
0.342131
0.351906
0.351906
0.356794
0.356794
0.356794
0.356794
0.351906
0.356794
0.332356
0.347019
0.351906
0.351906
0.356794
0.356794
0.356794
0.356794
0.356794
0.356794
0.351906
0.351906
0.356794