0.395894
0.454545
0.415445
0.376344
0.454545
0.449658
0.434995
0.415445
0.391007
0.508309
0.610948
0.606061
0.630499
0.610948
0.552297
0.518084
0.537634
0.503421
0.552297
0.537634
0.483871
0.586510
0.782014
1.168133
1.080156
0.840665
0.654936
0.610948
0.581623
1.192571
1.182796
0.923754
0.703812
0.684262
0.591398
1.173021
1.168133
0.904203
0.738025
0.816227
0.537634
0.537634
0.615836
0.518084
0.478983
0.478983
0.464321
0.464321
0.434995
0.444770
0.449658
0.449658
0.459433
0.464321
0.449658
0.444770
0.439883
0.425220
0.420332
0.454545
0.449658
0.439883
0.434995
0.454545
0.434995
0.449658
0.420332
0.449658
0.430108
0.444770
0.434995
0.425220
0.420332
0.430108
0.439883
0.434995
0.425220
0.415445
0.410557
0.405670
0.415445
0.430108
0.425220
0.469208
0.439883
0.425220
0.415445
0.420332
0.434995
0.430108
0.439883
0.425220
0.430108
0.415445
0.430108
0.420332
0.434995
0.430108
0.410557
0.405670
0.430108
0.410557
0.430108
0.420332
0.425220
0.425220
0.434995
0.420332
0.439883
0.420332
0.444770
0.410557
0.425220
0.415445
0.430108
0.434995
0.439883
0.430108
0.444770
0.439883
0.454545
0.425220
0.410557
0.405670
0.439883
0.449658
0.439883
0.434995
0.425220
0.420332
0.434995
0.444770
0.430108
0.425220
0.400782
0.430108
0.434995
0.425220
0.415445
0.415445
0.425220
0.434995
0.410557
0.410557
0.430108
0.420332
0.420332
0.405670
0.415445
0.415445
0.425220
0.420332
0.425220
0.400782
0.415445
0.425220
0.415445
0.415445
0.430108
0.415445