0.669599
1.114370
1.598240
2.170088
2.478006
2.174976
2.091887
1.994135
1.730205
1.510264
1.334311
1.300098
1.197458
1.070381
1.011730
0.933529
0.835777
0.786901
0.747801
0.718475
0.694037
0.640274
0.562072
0.537634
0.542522
0.557185
0.527859
0.508309
0.503421
0.483871
0.434995
0.405670
0.366569
0.356794
0.351906
0.439883
0.503421
0.474096
0.571848
0.615836
0.786901
0.913978
0.850440
0.713587
0.723363
0.654936
0.527859
0.474096
0.542522
0.571848
0.552297
0.576735
0.557185
0.566960
0.659824
0.659824
0.635386
0.733138
0.708700
0.718475
0.752688
0.967742
1.456500
1.871945
1.769306
1.441838
2.575758
4.775171
4.775171
4.775171
4.770283
4.511241
4.266862
3.543500
3.567937
3.352884
3.147605
2.776149
2.658847
2.223851
1.920821
1.930596
1.691105
1.549365
1.456500
1.168133
1.099707
0.972630
1.016618
0.786901
0.610948
0.430108
0.381232
0.366569
0.361681
0.361681
0.356794
0.351906
0.356794
0.356794
0.356794
0.356794
0.356794
0.356794
0.356794
0.356794
0.356794
0.356794
0.356794
0.356794
0.356794
0.381232
0.351906
0.337243
0.347019
0.410557
0.405670
0.650049
0.796676
1.490714
1.510264
2.038123
1.451613
4.775171
4.775171
4.775171
4.775171
3.621701
3.328446
3.108504
2.834800
2.512219
2.258065
2.057674
1.920821
1.725318
1.564027
1.407625
1.265885
1.163245
1.045943
0.913978
0.806452
0.708700
0.601173
0.552297
0.508309
0.434995
0.376344
0.337243
0.327468
0.332356
0.351906
0.356794
0.356794
0.361681
0.361681
0.361681
0.356794
0.356794