0.356794
0.356794
0.356794
0.356794
0.356794
0.356794
0.356794
0.356794
0.356794
0.356794
0.356794
0.356794
0.356794
0.356794
0.356794
0.356794
0.351906
0.356794
0.356794
0.351906
0.371457
0.483871
0.400782
0.586510
0.703812
0.865103
0.723363
0.635386
0.694037
0.733138
0.752688
0.625611
0.855327
0.747801
0.708700
0.562072
0.571848
0.557185
0.625611
0.586510
0.630499
0.566960
0.571848
0.684262
0.571848
0.664712
0.674487
0.601173
0.581623
0.679374
0.606061
0.606061
0.679374
1.603128
1.867058
1.603128
3.054741
4.775171
4.775171
4.775171
4.770283
4.535679
4.574780
4.335288
3.841642
3.186706
2.908113
2.580645
2.277615
1.896383
1.754643
1.451613
1.217009
1.060606
0.909091
0.738025
0.777126
0.664712
0.532747
0.483871
0.498534
0.405670
0.449658
0.439883
0.444770
0.410557
0.405670
0.391007
0.474096
0.430108
0.415445
0.376344
0.459433
0.483871
0.909091
1.348974
0.874878
0.664712
0.645161
0.635386
0.581623
0.620723
0.650049
0.689150
0.713587
0.869990
0.757576
1.764418
1.612903
1.324536
4.775171
4.775171
4.775171
4.736070
3.519062
3.069404
2.629521
2.253177
2.052786
1.671554
1.705767
1.471163
1.339198
1.226784
1.177908
1.006843
0.782014
0.698925
0.552297
0.434995
0.483871
0.972630
0.581623
0.698925
0.562072
0.420332
0.376344
0.356794
0.337243
0.376344
0.361681
0.361681
0.356794
0.356794
0.356794
0.356794
0.434995
0.562072
1.358749
1.129032
0.923754
0.694037
0.674487
0.615836
0.508309
0.640274
0.645161
0.669599
0.615836
0.596285