0.356794
0.351906
0.361681
0.351906
0.342131
0.347019
0.347019
0.342131
0.342131
0.347019
0.342131
0.342131
0.356794
0.356794
0.386119
0.449658
0.395894
0.420332
0.606061
0.601173
0.571848
0.601173
0.591398
0.581623
0.552297
0.508309
0.601173
0.674487
0.566960
0.503421
0.478983
0.904203
0.718475
1.114370
0.928641
0.762463
0.679374
0.557185
0.620723
0.591398
0.586510
1.231672
1.207234
1.480938
1.133920
1.041056
0.772239
0.664712
0.615836
0.620723
0.689150
1.241447
0.933529
1.099707
1.070381
1.041056
0.948192
1.158358
1.021505
1.129032
0.913978
0.782014
0.694037
0.777126
0.596285
0.689150
0.562072
0.581623
0.503421
0.527859
0.493646
0.498534
0.464321
0.425220
0.449658
0.493646
0.488759
0.430108
0.474096
0.464321
0.439883
0.434995
0.415445
0.420332
0.459433
0.469208
0.434995
0.425220
0.449658
0.449658
0.430108
0.430108
0.420332
0.439883
0.459433
0.444770
0.454545
0.454545
0.439883
0.459433
0.434995
0.434995
0.434995
0.434995
0.449658
0.449658
0.459433
0.434995
0.454545
0.425220
0.444770
0.464321
0.454545
0.464321
0.459433
0.464321
0.449658
0.459433
0.449658
0.430108
0.444770
0.449658
0.454545
0.415445
0.415445
0.420332
0.425220
0.410557
0.425220
0.444770
0.430108
0.420332
0.434995
0.434995
0.420332
0.444770
0.444770
0.439883
0.425220
0.415445
0.434995
0.439883
0.444770
0.430108
0.420332
0.405670
0.405670
0.434995
0.430108
0.430108
0.425220
0.439883
0.439883
0.420332
0.439883
0.434995
0.434995
0.430108
0.439883
0.439883