0.522972
0.576735
0.566960
0.689150
0.645161
0.498534
0.537634
0.610948
0.684262
0.659824
0.571848
0.601173
0.654936
0.698925
0.566960
0.664712
0.659824
0.689150
0.562072
0.679374
0.742913
0.571848
0.576735
0.591398
0.542522
0.581623
0.703812
0.576735
0.591398
0.527859
0.518084
0.430108
0.552297
0.674487
0.679374
1.955034
2.101662
1.363636
1.026393
4.775171
4.775171
4.775171
4.775171
3.880743
2.434018
1.544477
1.036168
0.615836
0.762463
2.150538
2.649071
2.658847
2.282502
2.067449
1.823069
1.603128
1.402737
1.251222
1.143695
1.011730
0.943304
0.884653
0.811339
0.733138
0.630499
0.581623
0.537634
0.498534
0.449658
0.415445
0.361681
0.327468
0.312805
0.312805
0.347019
0.356794
0.356794
0.361681
0.386119
0.537634
0.552297
0.728250
1.085044
1.935484
2.375367
1.520039
1.173021
4.775171
4.775171
4.770283
3.064516
2.341153
2.184751
1.891496
1.710655
1.427175
1.339198
1.309873
1.226784
1.060606
0.992180
0.816227
0.806452
0.821114
0.752688
0.659824
0.581623
0.562072
0.503421
0.527859
0.532747
0.415445
0.376344
0.361681
0.347019
0.366569
0.425220
0.376344
0.351906
0.312805
0.342131
0.351906
0.356794
0.356794
0.356794
0.356794
0.356794
0.356794
0.356794
0.356794
0.356794
0.356794
0.356794
0.356794
0.356794
0.356794
0.356794
0.356794
0.356794
0.361681
0.356794
0.356794
0.356794
0.356794
0.356794
0.356794
0.356794
0.356794
0.356794
0.356794
0.361681
0.356794
0.351906
0.356794
0.356794
0.356794
0.356794
0.356794
0.356794
0.356794