0.351906
0.356794
0.356794
0.356794
0.361681
0.366569
0.376344
0.449658
0.654936
0.527859
0.503421
0.654936
0.591398
0.777126
0.571848
0.474096
0.596285
0.821114
0.650049
1.842620
2.018573
1.329423
1.246334
1.173021
4.736070
4.775171
4.775171
4.775171
3.802542
3.352884
3.167155
3.035191
2.722385
2.605083
2.375367
2.086999
2.033236
1.915934
1.769306
1.559140
1.480938
1.314761
1.212121
1.070381
0.977517
0.865103
0.796676
0.723363
0.640274
0.620723
0.640274
0.606061
0.610948
0.591398
0.581623
0.498534
0.503421
0.635386
0.620723
0.581623
0.801564
0.860215
0.860215
0.762463
0.669599
0.586510
0.645161
0.537634
0.498534
0.483871
0.439883
0.449658
0.527859
0.434995
0.420332
0.469208
0.493646
0.610948
0.708700
1.006843
1.300098
1.173021
3.489736
4.770283
4.775171
4.775171
4.765396
3.988270
3.338221
3.699902
3.592375
3.225806
2.864125
2.512219
2.189638
1.876833
1.539589
1.270772
1.075269
0.928641
0.801564
0.689150
0.566960
0.498534
0.469208
0.459433
0.439883
0.371457
0.347019
0.342131
0.342131
0.317693
0.332356
0.566960
0.464321
0.522972
0.537634
0.503421
0.449658
0.425220
0.395894
0.376344
0.337243
0.327468
0.351906
0.361681
0.351906
0.405670
0.527859
0.469208
0.444770
0.430108
0.405670
0.410557
0.415445
0.395894
0.337243
0.317693
0.322581
0.332356
0.327468
0.342131
0.351906
0.347019
0.356794
0.630499
0.601173
0.601173
0.708700
0.698925
0.601173
0.532747
0.415445
0.351906
0.351906
0.356794
0.361681
0.356794
0.356794
0.356794