0.591398
0.596285
0.747801
0.733138
0.703812
0.786901
0.738025
0.645161
0.562072
0.552297
0.596285
0.601173
1.529814
1.329423
1.173021
0.909091
0.698925
0.606061
0.542522
1.974585
2.326491
1.857283
1.285435
0.840665
0.703812
0.586510
1.539589
1.813294
1.217009
1.226784
1.085044
0.767351
0.615836
0.547410
0.532747
0.503421
0.518084
0.474096
0.493646
0.464321
0.498534
0.503421
0.508309
0.503421
0.503421
0.498534
0.508309
0.493646
0.478983
0.478983
0.493646
0.483871
0.474096
0.459433
0.469208
0.493646
0.503421
0.508309
0.488759
0.508309
0.464321
0.503421
0.474096
0.483871
0.488759
0.474096
0.488759
0.493646
0.483871
0.508309
0.483871
0.478983
0.464321
0.474096
0.493646
0.513196
0.498534
0.474096
0.493646
0.518084
0.503421
0.513196
0.518084
0.488759
0.478983
0.503421
0.508309
0.498534
0.474096
0.508309
0.478983
0.478983
0.483871
0.488759
0.488759
0.498534
0.478983
0.508309
0.532747
0.522972
0.518084
0.522972
0.508309
0.532747
0.513196
0.547410
0.537634
0.522972
0.513196
0.537634
0.522972
0.498534
0.503421
0.508309
0.518084
0.503421
0.518084
0.483871
0.503421
0.469208
0.493646
0.488759
0.513196
0.508309
0.493646
0.493646
0.474096
0.503421
0.498534
0.513196
0.498534
0.542522
0.522972
0.493646
0.518084
0.518084
0.537634
0.488759
0.503421
0.493646
0.488759
0.498534
0.498534
0.498534
0.493646
0.522972
0.503421
0.483871
0.469208
0.474096
0.478983
0.478983
0.508309
0.513196
0.522972
0.493646
0.537634
0.522972
0.522972
0.503421