0.391007
0.391007
0.376344
0.386119
0.376344
0.381232
0.361681
0.366569
0.361681
0.356794
0.430108
0.478983
0.410557
0.459433
0.488759
0.508309
0.522972
0.483871
0.498534
0.474096
0.469208
0.474096
0.483871
0.469208
0.503421
0.796676
1.290323
1.119257
0.679374
0.654936
0.566960
0.816227
1.456500
1.505376
1.182796
1.133920
0.791789
0.689150
0.606061
0.723363
0.645161
0.806452
1.138807
1.314761
0.943304
0.987292
0.723363
0.635386
0.625611
0.552297
0.630499
0.630499
0.645161
0.840665
0.835777
0.733138
0.601173
0.518084
0.527859
0.483871
0.459433
0.483871
0.474096
0.469208
0.454545
0.449658
0.459433
0.459433
0.420332
0.459433
0.449658
0.454545
0.459433
0.444770
0.469208
0.469208
0.459433
0.449658
0.425220
0.454545
0.459433
0.444770
0.444770
0.454545
0.454545
0.459433
0.454545
0.469208
0.420332
0.459433
0.439883
0.430108
0.439883
0.425220
0.425220
0.449658
0.425220
0.434995
0.430108
0.449658
0.449658
0.449658
0.425220
0.449658
0.444770
0.439883
0.425220
0.434995
0.444770
0.434995
0.439883
0.434995
0.420332
0.425220
0.439883
0.444770
0.459433
0.434995
0.434995
0.420332
0.439883
0.439883
0.434995
0.425220
0.439883
0.420332
0.434995
0.439883
0.439883
0.434995
0.415445
0.420332
0.444770
0.430108
0.459433
0.434995
0.439883
0.444770
0.439883
0.425220
0.439883
0.430108
0.420332
0.425220
0.434995
0.444770
0.449658
0.434995
0.434995
0.425220
0.430108
0.410557
0.415445
0.415445
0.425220
0.420332
0.415445
0.415445
0.410557
0.410557