0.361681
0.469208
0.508309
0.474096
0.454545
0.552297
0.449658
0.459433
0.654936
0.518084
0.566960
0.547410
0.493646
0.415445
0.381232
0.371457
0.400782
0.635386
0.478983
0.395894
0.703812
0.733138
0.889541
1.094819
0.865103
0.835777
1.011730
0.855327
0.601173
0.571848
0.630499
0.625611
0.532747
0.498534
0.503421
0.855327
1.573803
2.360704
3.973607
3.118280
4.775171
4.775171
4.775171
4.418377
3.245357
3.260020
2.605083
2.385142
2.140762
2.150538
2.096774
1.901271
1.803519
1.652004
1.515152
1.363636
1.173021
0.992180
0.664712
0.483871
0.601173
0.439883
0.439883
0.425220
2.429130
4.604106
3.416422
1.915934
0.972630
1.050831
1.173021
0.967742
0.742913
0.552297
0.464321
0.430108
0.376344
0.366569
0.356794
0.356794
0.342131
0.351906
0.381232
0.454545
0.581623
0.542522
0.576735
0.571848
0.469208
0.415445
0.405670
0.381232
0.361681
0.434995
0.591398
0.430108
0.444770
0.395894
0.371457
0.366569
0.347019
0.351906
0.356794
0.356794
0.366569
0.386119
0.425220
0.493646
0.615836
0.659824
0.615836
0.581623
0.532747
0.439883
0.395894
0.395894
0.439883
0.464321
0.571848
0.464321
0.527859
0.454545
0.488759
0.395894
0.366569
0.366569
0.361681
0.361681
0.366569
0.347019
0.351906
0.322581
0.425220
0.376344
0.361681
0.356794
0.356794
0.356794
0.356794
0.356794
0.454545
0.503421
0.997067
0.884653
0.967742
0.728250
0.742913
0.566960
0.425220
0.395894
0.562072
0.513196
0.415445
0.381232
0.366569
0.459433
0.762463
0.830890
0.918866
1.070381