0.425220
0.483871
0.439883
0.410557
0.400782
0.425220
0.405670
0.381232
0.415445
0.430108
0.391007
0.547410
0.488759
0.410557
0.400782
0.386119
0.444770
0.430108
0.400782
0.469208
0.425220
0.391007
0.381232
0.434995
0.430108
0.444770
0.430108
0.400782
0.391007
0.410557
0.391007
0.395894
0.381232
0.381232
0.381232
0.391007
0.391007
0.410557
0.879765
1.016618
0.796676
0.566960
0.454545
0.464321
0.430108
0.405670
0.434995
0.708700
0.777126
1.026393
0.620723
0.459433
0.493646
0.420332
0.508309
0.522972
0.434995
0.488759
1.001955
1.236559
0.938416
0.757576
0.591398
0.557185
0.718475
0.542522
0.694037
0.513196
0.493646
0.488759
0.469208
0.425220
0.449658
0.537634
0.474096
0.430108
0.459433
0.434995
0.449658
0.444770
0.493646
0.483871
0.464321
0.434995
0.449658
0.434995
0.405670
0.415445
0.449658
0.459433
0.464321
0.498534
0.444770
0.444770
0.444770
0.459433
0.493646
0.430108
0.464321
0.469208
0.488759
0.449658
0.562072
0.488759
0.449658
0.434995
0.444770
0.449658
0.518084
0.493646
0.469208
0.459433
0.464321
0.439883
0.469208
0.454545
0.439883
0.493646
0.493646
0.464321
0.449658
0.474096
0.449658
0.522972
0.532747
0.552297
0.498534
0.478983
0.444770
0.522972
0.664712
0.566960
0.469208
0.522972
0.459433
0.474096
0.459433
0.483871
0.488759
0.478983
0.513196
0.469208
0.478983
0.674487
0.537634
0.508309
0.439883
0.459433
0.513196
0.454545
0.522972
0.478983
0.493646
0.493646
0.503421
0.459433
0.454545
0.498534
0.454545
0.439883