0.366569
0.361681
0.356794
0.356794
0.361681
0.356794
0.356794
0.356794
0.356794
0.356794
0.356794
0.356794
0.356794
0.356794
0.356794
0.356794
0.356794
0.356794
0.356794
0.356794
0.356794
0.356794
0.356794
0.356794
0.356794
0.356794
0.356794
0.356794
0.356794
0.356794
0.356794
0.356794
0.356794
0.356794
0.356794
0.356794
0.356794
0.356794
0.356794
0.356794
0.356794
0.356794
0.356794
0.356794
0.356794
0.356794
0.356794
0.361681
0.356794
0.356794
0.356794
0.356794
0.356794
0.356794
0.356794
0.356794
0.356794
0.356794
0.356794
0.356794
0.356794
0.356794
0.356794
0.356794
0.356794
0.356794
0.356794
0.356794
0.356794
0.356794
0.356794
0.361681
0.356794
0.356794
0.356794
0.606061
0.669599
0.742913
0.742913
0.625611
0.635386
0.674487
0.542522
0.630499
0.615836
1.021505
2.605083
1.979472
1.730205
3.944282
4.775171
4.775171
4.770283
3.724340
3.621701
3.103617
3.465298
3.000978
2.634409
2.321603
2.052786
1.754643
1.510264
1.265885
1.089932
0.962854
0.757576
0.654936
0.581623
0.459433
0.395894
0.347019
0.303030
0.298143
0.337243
0.356794
0.356794
0.356794
0.361681
0.361681
0.356794
0.356794
0.356794
0.356794
0.356794
0.356794
0.356794
0.356794
0.356794
0.356794
0.356794
0.601173
0.752688
0.782014
0.723363
0.542522
0.615836
0.562072
0.576735
0.650049
0.816227
0.694037
0.659824
0.650049
0.537634
0.527859
0.586510
0.581623
0.713587
0.547410
0.542522
0.488759
0.493646
0.562072
0.777126
0.586510
0.615836
0.513196
0.635386
0.606061