0.391007
0.405670
0.444770
0.449658
0.415445
0.395894
0.371457
0.361681
0.415445
0.493646
0.537634
0.552297
0.654936
0.879765
0.713587
0.596285
0.640274
0.640274
0.620723
0.522972
0.513196
0.576735
1.187683
1.060606
1.554252
1.329423
1.099707
0.869990
0.752688
0.601173
0.610948
0.811339
0.698925
1.217009
1.041056
0.928641
0.718475
0.620723
0.640274
0.698925
1.124145
1.270772
1.236559
1.177908
1.080156
0.889541
0.918866
1.158358
0.977517
0.742913
0.650049
0.654936
0.576735
0.518084
0.522972
0.464321
0.434995
0.425220
0.410557
0.425220
0.415445
0.415445
0.410557
0.410557
0.405670
0.410557
0.405670
0.410557
0.420332
0.410557
0.395894
0.415445
0.415445
0.395894
0.420332
0.420332
0.449658
0.434995
0.420332
0.420332
0.405670
0.415445
0.420332
0.410557
0.415445
0.425220
0.420332
0.415445
0.420332
0.430108
0.410557
0.410557
0.415445
0.410557
0.405670
0.405670
0.400782
0.410557
0.400782
0.405670
0.400782
0.400782
0.400782
0.425220
0.405670
0.415445
0.405670
0.405670
0.410557
0.410557
0.400782
0.420332
0.405670
0.405670
0.400782
0.415445
0.395894
0.400782
0.405670
0.395894
0.405670
0.410557
0.405670
0.410557
0.400782
0.405670
0.405670
0.430108
0.439883
0.420332
0.386119
0.400782
0.400782
0.410557
0.415445
0.395894
0.410557
0.420332
0.410557
0.415445
0.410557
0.410557
0.400782
0.405670
0.400782
0.420332
0.415445
0.410557
0.405670
0.405670
0.400782
0.395894
0.405670
0.420332
0.400782
0.405670
0.400782
0.439883
0.405670
0.405670