0.635386
0.777126
0.772239
0.840665
0.796676
0.821114
0.689150
0.620723
1.001955
1.920821
1.612903
1.226784
1.080156
0.962854
0.718475
0.659824
0.977517
2.653959
2.091887
1.466276
0.962854
0.728250
0.684262
1.842620
1.886608
1.632454
1.456500
1.163245
1.212121
0.884653
0.708700
0.718475
0.620723
0.571848
0.532747
0.552297
0.508309
0.513196
0.498534
0.493646
0.498534
0.513196
0.493646
0.532747
0.503421
0.503421
0.493646
0.469208
0.483871
0.474096
0.483871
0.503421
0.493646
0.508309
0.503421
0.508309
0.522972
0.498534
0.474096
0.474096
0.498534
0.503421
0.518084
0.508309
0.498534
0.493646
0.488759
0.503421
0.522972
0.508309
0.527859
0.518084
0.542522
0.513196
0.508309
0.537634
0.542522
0.566960
0.508309
0.537634
0.498534
0.493646
0.513196
0.537634
0.557185
0.522972
0.532747
0.522972
0.527859
0.508309
0.522972
0.522972
0.527859
0.566960
0.571848
0.542522
0.557185
0.537634
0.522972
0.518084
0.488759
0.547410
0.513196
0.522972
0.513196
0.527859
0.566960
0.518084
0.498534
0.478983
0.488759
0.488759
0.508309
0.503421
0.488759
0.469208
0.488759
0.513196
0.503421
0.493646
0.552297
0.527859
0.527859
0.552297
0.518084
0.513196
0.532747
0.508309
0.483871
0.522972
0.537634
0.518084
0.527859
0.532747
0.508309
0.493646
0.483871
0.498534
0.483871
0.474096
0.493646
0.498534
0.493646
0.493646
0.508309
0.493646
0.469208
0.513196
0.522972
0.518084
0.508309
0.518084
0.518084
0.503421
0.527859
0.483871
0.488759
0.469208
0.498534
0.522972