2.859238
4.775171
4.120235
4.775171
4.775171
4.775171
4.775171
4.217986
3.406647
3.782991
3.734115
3.264907
2.913001
2.693060
2.448680
2.179863
1.994135
1.808407
1.720430
1.564027
1.456500
1.275660
1.182796
1.163245
0.997067
0.860215
0.723363
0.562072
0.444770
0.381232
0.366569
0.596285
0.606061
0.733138
0.689150
0.615836
0.933529
0.659824
0.669599
2.233627
4.770283
4.770283
2.869013
1.466276
0.747801
0.542522
0.454545
0.410557
0.405670
0.449658
0.493646
0.508309
0.493646
0.601173
0.537634
0.571848
0.606061
0.601173
0.488759
0.395894
0.391007
0.361681
0.391007
0.376344
0.386119
0.400782
0.430108
0.381232
0.391007
0.366569
0.342131
0.332356
0.347019
0.332356
0.351906
0.361681
0.361681
0.356794
0.356794
0.356794
0.356794
0.356794
0.361681
0.391007
0.366569
0.356794
0.356794
0.356794
0.381232
0.371457
0.366569
0.347019
0.342131
0.356794
0.356794
0.356794
0.356794
0.361681
0.361681
0.361681
0.361681
0.356794
0.361681
0.361681
0.361681
0.361681
0.361681
0.356794
0.366569
0.356794
0.347019
0.356794
0.356794
0.356794
0.356794
0.361681
0.356794
0.356794
0.356794
0.356794
0.356794
0.356794
0.356794
0.410557
0.395894
0.376344
0.386119
0.371457
0.420332
0.474096
0.400782
0.371457
0.376344
0.347019
0.342131
0.361681
0.351906
0.356794
0.356794
0.361681
0.356794
0.361681
0.361681
0.361681
0.361681
0.361681
0.356794
0.361681
0.356794
0.361681
0.356794
0.356794
0.356794
0.356794
0.356794
0.356794
0.356794
0.361681
0.356794
0.356794