0.410557
0.459433
0.498534
0.474096
0.454545
0.400782
0.376344
0.474096
0.557185
0.547410
0.855327
0.835777
0.742913
0.640274
0.601173
0.508309
0.547410
0.503421
0.464321
0.537634
0.777126
1.319648
1.060606
1.021505
0.918866
0.894428
0.972630
0.596285
0.493646
1.011730
1.534702
1.388074
1.055718
0.982405
0.830890
0.694037
0.532747
0.503421
1.129032
1.001955
1.510264
1.725318
1.392962
1.427175
1.001955
1.006843
1.089932
1.177908
0.987292
0.733138
0.620723
0.669599
0.869990
0.606061
0.625611
0.557185
0.591398
0.557185
0.527859
0.527859
0.552297
0.557185
0.576735
0.552297
0.518084
0.518084
0.571848
0.508309
0.478983
0.488759
0.439883
0.464321
0.439883
0.449658
0.439883
0.430108
0.425220
0.444770
0.434995
0.449658
0.449658
0.439883
0.434995
0.434995
0.464321
0.434995
0.454545
0.469208
0.483871
0.459433
0.478983
0.474096
0.469208
0.454545
0.439883
0.434995
0.459433
0.454545
0.464321
0.439883
0.439883
0.430108
0.454545
0.464321
0.464321
0.449658
0.449658
0.454545
0.439883
0.425220
0.439883
0.464321
0.434995
0.444770
0.449658
0.454545
0.449658
0.454545
0.444770
0.444770
0.425220
0.439883
0.488759
0.434995
0.430108
0.444770
0.434995
0.425220
0.425220
0.454545
0.478983
0.449658
0.464321
0.474096
0.469208
0.444770
0.474096
0.454545
0.454545
0.454545
0.444770
0.474096
0.444770
0.449658
0.449658
0.439883
0.449658
0.459433
0.430108
0.425220
0.425220
0.454545
0.454545
0.434995
0.459433
0.459433
0.483871
0.449658
0.454545
0.469208