0.454545
0.478983
0.493646
0.498534
0.474096
0.469208
0.449658
0.464321
0.434995
0.444770
0.635386
0.723363
0.645161
0.654936
0.566960
0.576735
0.606061
1.524927
1.319648
0.923754
0.801564
0.659824
0.571848
0.513196
0.918866
1.495601
1.461388
1.026393
0.791789
0.718475
0.606061
0.557185
1.221896
1.241447
1.168133
0.855327
0.742913
0.591398
0.527859
0.503421
0.478983
0.454545
0.459433
0.439883
0.449658
0.430108
0.434995
0.449658
0.454545
0.449658
0.444770
0.454545
0.454545
0.459433
0.459433
0.459433
0.459433
0.459433
0.459433
0.439883
0.464321
0.464321
0.469208
0.449658
0.430108
0.434995
0.439883
0.454545
0.459433
0.449658
0.449658
0.449658
0.459433
0.439883
0.464321
0.444770
0.439883
0.459433
0.454545
0.449658
0.444770
0.449658
0.474096
0.439883
0.430108
0.444770
0.430108
0.444770
0.449658
0.454545
0.444770
0.449658
0.454545
0.454545
0.483871
0.474096
0.459433
0.449658
0.449658
0.449658
0.444770
0.454545
0.444770
0.449658
0.430108
0.430108
0.439883
0.430108
0.449658
0.454545
0.444770
0.444770
0.459433
0.439883
0.454545
0.434995
0.444770
0.434995
0.434995
0.434995
0.439883
0.459433
0.454545
0.449658
0.449658
0.449658
0.459433
0.454545
0.449658
0.459433
0.434995
0.449658
0.464321
0.459433
0.449658
0.439883
0.444770
0.454545
0.430108
0.434995
0.439883
0.444770
0.434995
0.434995
0.439883
0.444770
0.449658
0.439883
0.434995
0.449658
0.434995
0.444770
0.430108
0.444770
0.434995
0.439883
0.430108
0.439883
0.444770
0.444770