0.376344
0.386119
0.371457
0.356794
0.371457
0.391007
0.376344
0.361681
0.386119
0.386119
0.381232
0.376344
0.381232
0.410557
0.366569
0.454545
0.391007
0.366569
0.361681
0.391007
0.391007
0.386119
0.386119
0.381232
0.376344
0.361681
0.386119
0.376344
0.381232
0.386119
0.376344
0.444770
0.464321
0.395894
0.503421
0.449658
0.405670
0.376344
0.366569
0.361681
0.371457
0.381232
0.361681
0.386119
0.376344
0.366569
0.371457
0.366569
0.361681
0.356794
0.351906
0.356794
0.361681
0.376344
0.400782
0.366569
0.405670
0.381232
0.376344
0.391007
0.366569
0.371457
0.361681
0.395894
0.400782
0.381232
0.361681
0.356794
0.376344
0.361681
0.351906
0.386119
0.601173
0.586510
0.650049
1.070381
4.301075
4.775171
4.775171
4.755621
3.949169
3.025415
2.199413
1.637341
1.251222
0.982405
0.742913
0.615836
0.537634
0.493646
0.469208
0.415445
0.395894
0.381232
0.400782
0.391007
0.420332
0.513196
0.850440
1.368524
1.500489
1.300098
1.285435
1.231672
0.992180
1.031281
0.791789
0.826002
0.948192
0.904203
0.855327
0.913978
0.948192
0.918866
0.850440
1.314761
1.182796
0.972630
0.874878
0.816227
0.713587
0.591398
0.630499
0.586510
0.601173
0.562072
0.689150
0.752688
0.747801
0.674487
0.635386
0.679374
0.679374
0.757576
0.664712
0.640274
0.669599
0.606061
0.967742
1.314761
1.593353
1.524927
2.869013
2.267840
4.775171
4.775171
4.775171
4.770283
2.942326
2.609971
2.634409
2.561095
1.974585
1.783969
1.715543
1.735093
1.666667
1.432063
1.378299
1.197458