0.307918
0.317693
0.347019
0.361681
0.317693
0.337243
0.351906
0.356794
0.356794
0.356794
0.356794
0.356794
0.356794
0.361681
0.356794
0.356794
0.356794
0.356794
0.356794
0.356794
0.356794
0.356794
0.356794
0.356794
0.356794
0.356794
0.356794
0.356794
0.356794
0.356794
0.356794
0.356794
0.356794
0.356794
0.356794
0.356794
0.356794
0.356794
0.356794
0.356794
0.356794
0.361681
0.356794
0.356794
0.356794
0.356794
0.356794
0.356794
0.356794
0.356794
0.356794
0.356794
0.356794
0.356794
0.356794
0.356794
0.356794
0.351906
0.347019
0.351906
0.351906
0.356794
0.356794
0.356794
0.361681
0.361681
0.356794
0.361681
0.356794
0.356794
0.356794
0.356794
0.356794
0.410557
0.625611
0.913978
1.290323
1.686217
2.013685
1.495601
4.770283
4.770283
4.770283
3.470186
2.536657
2.223851
1.793744
1.529814
1.231672
1.016618
0.909091
0.860215
0.684262
1.378299
1.564027
1.793744
3.264907
2.487781
2.111437
3.958944
4.770283
2.688172
1.705767
1.959922
1.603128
1.089932
0.723363
0.522972
0.474096
0.420332
0.444770
0.552297
0.542522
0.566960
0.547410
0.415445
0.410557
0.361681
0.386119
0.376344
0.361681
0.342131
0.351906
0.342131
0.332356
0.337243
0.322581
0.327468
0.337243
0.342131
0.337243
0.347019
0.356794
0.356794
0.356794
0.356794
0.356794
0.356794
0.356794
0.356794
0.356794
0.356794
0.376344
0.361681
0.361681
0.356794
0.405670
0.410557
0.464321
0.757576
1.471163
1.935484
1.881720
1.632454
1.055718
0.625611
0.723363
0.786901
0.728250
0.630499