0.332356
0.430108
0.381232
0.439883
0.444770
0.395894
0.439883
0.400782
0.459433
0.562072
0.708700
0.938416
0.977517
1.744868
2.101662
2.551320
3.465298
4.775171
4.775171
4.775171
4.775171
4.770283
4.203324
3.856305
4.183773
4.164223
3.758553
3.372434
3.064516
2.795699
2.531769
2.287390
2.018573
1.793744
1.539589
1.402737
1.265885
1.119257
1.021505
0.918866
0.850440
0.782014
0.830890
0.830890
0.772239
0.826002
0.801564
0.713587
0.635386
0.625611
0.586510
0.591398
0.571848
0.576735
0.615836
0.547410
0.757576
0.527859
0.581623
0.586510
0.547410
0.547410
0.547410
0.532747
0.503421
0.552297
0.640274
0.513196
0.449658
0.430108
0.464321
0.410557
0.488759
0.508309
0.527859
0.508309
0.522972
0.552297
0.498534
0.454545
0.503421
0.498534
0.488759
0.449658
0.483871
0.449658
0.483871
0.478983
0.513196
0.444770
0.395894
0.469208
0.498534
0.425220
0.415445
0.425220
0.391007
0.415445
0.434995
0.464321
0.752688
0.645161
1.026393
1.862170
1.280547
1.168133
2.996090
4.775171
4.775171
4.775171
4.775171
4.775171
4.144673
3.817204
3.739003
3.958944
3.895406
3.611926
3.357771
3.098729
2.746823
2.434018
2.179863
1.974585
1.720430
1.666667
1.661779
1.661779
1.466276
1.339198
1.187683
1.001955
0.855327
0.865103
0.772239
0.547410
0.405670
0.376344
0.366569
0.361681
0.361681
0.689150
1.016618
1.158358
1.226784
0.899316
0.972630
0.913978
0.879765
1.031281
0.879765
0.874878
0.777126
0.791789
0.918866
0.742913
0.767351
0.650049
0.674487
0.684262