0.347019
0.342131
0.347019
0.391007
0.366569
0.356794
0.361681
0.356794
0.356794
0.356794
0.356794
0.361681
0.356794
0.356794
0.381232
0.596285
0.547410
0.454545
0.449658
0.434995
0.493646
0.537634
0.503421
0.977517
1.344086
1.300098
1.036168
0.684262
0.527859
0.439883
0.381232
0.400782
0.488759
0.459433
0.391007
0.518084
0.391007
0.356794
0.430108
0.498534
0.684262
0.786901
0.806452
0.816227
0.728250
0.630499
0.547410
0.537634
0.552297
0.459433
0.454545
0.806452
1.578690
1.974585
1.955034
1.564027
1.173021
0.953079
0.767351
0.708700
0.630499
0.542522
0.513196
0.537634
0.571848
0.747801
0.703812
0.752688
0.923754
0.874878
0.865103
4.765396
4.765396
2.996090
2.815249
4.755621
3.660802
2.209189
2.316716
1.911046
1.539589
1.260997
1.114370
0.972630
0.777126
0.669599
0.640274
0.576735
0.547410
0.537634
0.566960
0.625611
0.659824
0.640274
0.640274
0.610948
0.513196
0.444770
0.454545
0.444770
0.581623
0.532747
0.630499
0.816227
1.060606
1.026393
0.659824
0.542522
0.640274
0.855327
0.918866
1.045943
1.114370
1.192571
1.168133
1.109482
0.967742
0.948192
0.762463
0.640274
0.630499
0.610948
0.650049
0.620723
0.689150
0.723363
0.757576
0.742913
0.742913
0.733138
0.738025
0.742913
0.674487
0.698925
0.762463
0.650049
0.606061
0.630499
0.596285
0.552297
0.503421
0.474096
0.547410
0.620723
0.498534
0.474096
0.532747
0.537634
0.615836
0.537634
0.532747
0.532747
0.483871
0.503421
0.566960
0.513196
0.576735
0.537634
0.527859
0.581623