1.969697
1.661779
1.456500
1.319648
1.168133
1.011730
0.855327
0.752688
0.645161
0.552297
0.464321
0.410557
0.337243
0.327468
0.351906
0.361681
0.361681
0.361681
0.361681
0.361681
0.361681
0.361681
0.361681
0.361681
0.356794
0.356794
0.356794
0.356794
0.356794
0.356794
0.356794
0.356794
0.356794
0.356794
0.356794
0.366569
0.361681
0.361681
0.356794
0.356794
0.356794
0.356794
0.356794
0.356794
0.356794
0.356794
0.356794
0.356794
0.356794
0.356794
0.356794
0.376344
0.474096
0.596285
0.948192
0.547410
0.430108
0.391007
0.371457
0.361681
0.508309
0.669599
1.143695
1.109482
2.023460
2.062561
1.930596
3.465298
4.775171
4.775171
4.775171
4.760508
3.651026
3.602151
3.616813
3.206256
2.737048
2.385142
2.106549
1.876833
1.681329
1.495601
1.353861
1.217009
1.045943
0.933529
0.791789
0.703812
0.615836
0.518084
0.449658
0.410557
0.337243
0.312805
0.327468
0.351906
0.361681
0.356794
0.361681
0.361681
0.488759
0.356794
0.307918
0.386119
0.361681
0.361681
0.361681
0.444770
0.420332
0.469208
0.645161
1.050831
0.733138
0.478983
0.522972
0.405670
0.376344
0.361681
0.342131
0.322581
0.327468
0.347019
0.356794
0.356794
0.356794
0.356794
0.356794
0.356794
0.356794
0.869990
1.774194
2.482893
1.964809
1.246334
1.539589
4.775171
4.775171
4.775171
4.765396
3.968719
3.572825
3.167155
2.746823
2.414467
2.135875
1.911046
1.705767
1.485826
1.329423
1.148583
1.045943
0.918866
0.816227
0.728250
0.645161
0.552297
0.498534
0.478983
0.439883
0.391007