0.356794
0.356794
0.361681
0.356794
0.356794
0.356794
0.356794
0.356794
0.356794
0.361681
0.361681
0.356794
0.356794
0.356794
0.356794
0.356794
0.356794
0.356794
0.361681
0.361681
0.361681
0.361681
0.356794
0.361681
0.356794
0.356794
0.356794
0.356794
0.356794
0.356794
0.356794
0.356794
0.356794
0.356794
0.356794
0.356794
0.356794
0.356794
0.361681
0.361681
0.356794
0.356794
0.356794
0.356794
0.361681
0.356794
0.356794
0.356794
0.356794
0.361681
0.356794
0.356794
0.356794
0.361681
0.356794
0.356794
0.356794
0.356794
0.356794
0.356794
0.356794
0.356794
0.356794
0.356794
0.361681
0.361681
0.356794
0.425220
0.645161
0.782014
0.698925
0.684262
0.830890
0.762463
0.708700
0.645161
0.723363
0.733138
0.635386
0.659824
0.703812
0.654936
0.664712
0.640274
0.552297
0.547410
0.547410
0.522972
0.469208
0.606061
0.566960
0.684262
0.733138
0.552297
0.542522
0.518084
0.610948
0.606061
0.757576
0.738025
0.581623
0.674487
1.114370
1.295210
1.549365
0.948192
0.747801
1.070381
4.770283
4.770283
3.719453
2.365591
4.765396
4.770283
2.512219
1.480938
1.632454
1.847507
1.783969
1.666667
1.529814
1.363636
1.280547
1.182796
1.094819
1.016618
0.967742
0.889541
0.806452
0.742913
0.694037
0.650049
0.630499
0.620723
0.591398
0.625611
0.635386
0.601173
0.601173
0.606061
0.630499
0.586510
0.571848
0.571848
0.557185
0.576735
0.562072
0.537634
0.522972
0.474096
0.474096
0.420332
0.400782
0.395894
0.395894
0.395894
0.371457
0.381232
0.381232
0.386119