0.351906
0.351906
0.356794
0.356794
0.356794
0.356794
0.356794
0.356794
0.356794
0.356794
0.376344
0.571848
0.454545
0.518084
0.454545
0.738025
0.928641
0.606061
0.547410
0.625611
0.698925
0.630499
0.508309
0.381232
0.684262
0.801564
0.571848
0.694037
0.591398
0.635386
0.527859
0.596285
0.610948
1.221896
1.764418
1.779081
2.658847
2.492669
4.775171
4.775171
4.002933
3.646139
3.035191
2.443793
2.130987
1.876833
1.490714
1.446725
1.163245
1.080156
0.923754
0.767351
0.625611
0.547410
0.498534
0.410557
0.356794
0.337243
0.347019
0.322581
0.342131
0.356794
0.351906
0.356794
0.361681
0.361681
0.361681
0.361681
0.356794
0.356794
0.356794
0.356794
0.356794
0.356794
0.356794
0.356794
0.356794
0.356794
0.356794
0.356794
0.356794
0.356794
0.356794
0.356794
0.425220
0.395894
0.371457
0.361681
0.371457
0.361681
0.361681
0.361681
0.356794
0.356794
0.356794
0.356794
0.356794
0.356794
0.356794
0.444770
0.762463
0.874878
1.510264
1.124145
1.461388
4.775171
4.775171
4.775171
4.765396
3.958944
3.558162
3.313783
2.952102
2.717498
2.453568
2.228739
2.038123
1.827957
1.647116
1.466276
1.300098
1.163245
1.050831
0.918866
0.806452
0.689150
0.591398
0.542522
0.478983
0.400782
0.332356
0.332356
0.351906
0.356794
0.361681
0.361681
0.361681
0.356794
0.356794
0.356794
0.356794
0.356794
0.356794
0.356794
0.356794
0.356794
0.356794
0.356794
0.356794
0.361681
0.381232
0.400782
0.366569
0.361681
0.351906
0.351906
0.322581
0.347019
0.356794
0.351906