0.869990
1.041056
1.246334
1.202346
1.251222
1.026393
0.982405
1.143695
1.168133
1.114370
0.992180
0.723363
0.689150
0.669599
0.488759
0.493646
0.454545
0.522972
0.689150
0.586510
0.786901
0.586510
0.557185
0.635386
0.791789
0.630499
0.874878
0.816227
0.757576
0.606061
0.684262
0.596285
0.483871
0.513196
0.503421
0.708700
0.576735
0.459433
0.488759
0.566960
0.493646
0.498534
0.596285
0.508309
0.454545
0.542522
0.547410
0.547410
0.527859
0.562072
0.469208
0.542522
0.615836
0.488759
0.606061
0.606061
0.708700
1.559140
2.844575
2.913001
2.297165
2.805474
2.580645
4.775171
4.775171
4.775171
4.775171
4.775171
4.770283
3.704790
4.217986
4.301075
3.973607
3.582600
3.147605
2.766373
2.482893
2.311828
2.184751
2.003910
1.832845
1.661779
1.573803
1.461388
1.329423
1.192571
1.080156
1.016618
0.933529
0.840665
0.772239
0.708700
0.630499
0.566960
0.498534
0.493646
0.449658
0.420332
0.415445
0.381232
0.337243
0.342131
0.351906
0.361681
0.361681
0.361681
0.361681
0.361681
0.356794
0.361681
0.361681
0.361681
0.361681
0.361681
0.361681
0.361681
0.356794
0.361681
0.356794
0.361681
0.356794
0.356794
0.356794
0.361681
0.356794
0.356794
0.361681
0.356794
0.356794
0.356794
0.356794
0.356794
0.356794
0.356794
0.356794
0.361681
0.356794
0.356794
0.361681
0.361681
0.356794
0.356794
0.361681
0.361681
0.361681
0.361681
0.361681
0.356794
0.361681
0.361681
0.356794
0.361681
0.356794
0.356794
0.361681
0.356794
0.356794
0.361681
0.361681
0.356794