0.356794
0.356794
0.356794
0.356794
0.356794
0.356794
0.356794
0.356794
0.356794
0.356794
0.356794
0.356794
0.356794
0.356794
0.356794
0.356794
0.356794
0.356794
0.356794
0.356794
0.356794
0.356794
0.356794
0.356794
0.356794
0.356794
0.356794
0.356794
0.356794
0.356794
0.356794
0.356794
0.356794
0.356794
0.356794
0.356794
0.356794
0.356794
0.356794
0.356794
0.356794
0.356794
0.356794
0.356794
0.356794
0.356794
0.356794
0.356794
0.356794
0.356794
0.356794
0.356794
0.356794
0.356794
0.356794
0.356794
0.356794
0.356794
0.356794
0.342131
0.351906
0.356794
0.356794
0.356794
0.356794
0.356794
0.356794
0.356794
0.356794
0.356794
0.356794
0.356794
0.386119
0.356794
0.376344
0.459433
0.635386
0.503421
0.518084
0.772239
0.889541
0.645161
0.620723
0.674487
0.689150
0.650049
0.610948
0.747801
0.625611
0.601173
0.659824
0.610948
0.562072
0.645161
0.606061
0.635386
0.547410
0.581623
0.654936
0.694037
0.713587
0.591398
0.596285
0.537634
0.464321
0.488759
0.425220
0.698925
0.840665
0.738025
1.764418
2.062561
1.368524
1.730205
1.999022
2.204301
3.220919
4.770283
4.770283
4.770283
4.775171
4.491691
3.934506
3.206256
3.079179
2.722385
2.204301
1.764418
1.808407
2.106549
1.818182
2.106549
2.341153
1.945259
1.739980
1.695992
1.666667
1.686217
1.827957
1.622678
4.775171
4.775171
4.775171
4.775171
4.770283
3.538612
2.971652
2.507331
2.170088
2.111437
1.925709
1.676442
1.691105
1.534702
1.476051
1.471163
1.383187
1.304985
1.265885
1.143695