1.173021
1.212121
1.153470
1.197458
1.246334
1.329423
1.270772
1.309873
1.256109
1.226784
1.290323
1.339198
1.236559
1.300098
1.270772
1.221896
1.480938
1.632454
1.515152
1.339198
1.388074
1.265885
1.265885
1.212121
1.231672
1.173021
1.221896
1.324536
1.578690
1.827957
1.730205
1.446725
1.578690
1.441838
1.334311
1.353861
1.197458
1.197458
1.270772
1.231672
1.304985
1.265885
1.446725
1.876833
1.510264
1.691105
1.490714
1.471163
1.339198
1.309873
1.344086
1.304985
1.251222
1.163245
1.129032
1.114370
1.124145
1.119257
1.109482
1.133920
1.148583
1.114370
1.153470
1.295210
1.226784
1.270772
1.138807
1.173021
1.319648
1.187683
1.221896
1.187683
1.192571
1.104594
1.168133
1.241447
1.182796
1.153470
1.285435
1.202346
1.197458
1.202346
1.241447
1.226784
1.221896
1.270772
1.226784
1.192571
1.207234
1.217009
1.251222
1.280547
1.275660
1.251222
1.202346
1.202346
1.173021
1.168133
1.177908
1.319648
1.270772
1.295210
1.256109
1.177908
1.129032
1.256109
1.192571
1.285435
1.285435
1.265885
1.197458
1.133920
1.192571
1.187683
1.212121
1.236559
1.290323
1.226784
1.212121
1.217009
1.246334
1.265885
1.270772
1.221896
1.373412
1.187683
1.256109
1.304985
1.290323
1.339198
1.241447
1.221896
1.153470
1.260997
1.236559
1.231672
1.314761
1.270772
1.280547
1.314761
1.231672
1.285435
1.236559
1.260997
1.256109
1.285435
1.236559
1.280547
1.256109
1.265885
1.260997
1.319648
1.300098
1.329423
1.358749
1.515152
1.402737
1.368524
1.329423
1.392962