0.356794
0.356794
0.356794
0.361681
0.356794
0.361681
0.576735
0.591398
0.830890
0.894428
0.816227
0.865103
0.757576
0.928641
0.723363
0.650049
0.596285
0.816227
0.899316
0.571848
0.615836
0.689150
0.606061
0.557185
0.562072
0.669599
0.547410
0.508309
0.557185
0.571848
0.762463
0.650049
0.650049
0.860215
1.422287
1.251222
1.236559
1.036168
0.933529
1.432063
4.770283
4.770283
4.770283
4.349951
3.294233
2.883675
2.365591
1.871945
1.642229
1.236559
1.124145
1.192571
1.769306
1.989247
2.126100
1.876833
1.906158
1.999022
2.981427
2.179863
1.710655
1.867058
1.749756
1.177908
0.992180
0.566960
0.430108
0.386119
0.366569
0.361681
0.395894
0.615836
0.772239
0.708700
0.630499
0.679374
0.850440
0.801564
0.928641
0.977517
0.860215
0.938416
0.806452
0.689150
0.801564
0.713587
0.591398
0.674487
0.933529
0.913978
0.708700
0.738025
0.694037
0.786901
0.757576
0.679374
0.723363
0.747801
0.703812
0.537634
0.728250
0.733138
0.625611
0.703812
0.654936
0.620723
0.620723
0.625611
0.576735
0.816227
0.625611
0.654936
0.659824
1.016618
1.177908
1.617791
1.446725
1.251222
4.770283
4.770283
4.770283
4.765396
3.035191
3.000978
2.360704
2.116325
1.969697
1.774194
1.549365
1.554252
1.456500
1.329423
1.163245
1.021505
0.865103
0.723363
0.562072
0.469208
0.395894
0.356794
0.347019
0.342131
0.322581
0.327468
0.317693
0.288368
0.337243
0.332356
0.342131
0.351906
0.361681
0.361681
0.361681
0.361681
0.356794
0.361681
0.361681
0.371457
0.351906
0.317693