0.552297
0.522972
0.459433
0.459433
0.493646
0.434995
0.444770
0.503421
0.483871
0.420332
0.405670
0.449658
0.459433
0.469208
0.522972
0.454545
0.478983
0.474096
0.439883
0.439883
0.454545
0.498534
0.513196
0.493646
0.483871
0.469208
0.493646
0.469208
0.478983
0.444770
0.420332
0.434995
0.474096
0.498534
0.474096
0.557185
0.493646
0.527859
0.425220
0.522972
0.474096
0.449658
0.522972
0.459433
0.454545
0.537634
0.498534
0.420332
0.381232
0.415445
0.586510
0.513196
0.454545
0.483871
0.430108
0.503421
0.420332
0.410557
0.498534
0.508309
0.400782
0.703812
0.571848
0.557185
0.493646
0.542522
0.566960
0.513196
0.581623
0.527859
0.542522
0.522972
0.723363
0.757576
0.596285
0.459433
0.508309
0.454545
0.405670
0.493646
0.557185
0.821114
0.938416
1.011730
0.992180
0.879765
0.738025
0.581623
0.552297
0.723363
0.684262
0.532747
0.630499
0.835777
0.610948
0.503421
0.474096
0.503421
0.562072
0.591398
0.713587
0.620723
0.610948
0.684262
0.601173
0.669599
0.703812
0.630499
0.669599
0.669599
0.796676
0.591398
0.513196
0.650049
0.650049
0.615836
0.698925
0.757576
0.791789
0.782014
0.659824
0.879765
1.945259
1.583578
1.324536
1.212121
4.242424
4.775171
4.775171
4.775171
4.076246
3.069404
2.776149
2.722385
2.717498
2.429130
2.238514
2.038123
1.920821
1.705767
1.471163
1.265885
1.182796
0.997067
0.865103
0.742913
0.689150
0.659824
0.684262
0.562072
0.513196
0.449658
0.439883
0.439883
0.405670
0.410557
0.415445
0.434995
0.464321
0.459433