2.008798
2.614858
4.775171
4.775171
4.569892
3.030303
3.108504
3.103617
2.942326
2.385142
1.974585
1.857283
1.710655
1.456500
1.300098
1.114370
0.923754
0.713587
0.630499
0.498534
0.410557
0.371457
0.351906
0.351906
0.351906
0.351906
0.356794
0.361681
0.361681
0.356794
0.356794
0.356794
0.361681
0.356794
0.361681
0.356794
0.356794
0.356794
0.356794
0.356794
0.356794
0.332356
0.347019
0.356794
0.356794
0.356794
0.356794
0.356794
0.356794
0.356794
0.356794
0.356794
0.356794
0.356794
0.356794
0.356794
0.356794
0.356794
0.356794
0.356794
0.356794
0.356794
0.356794
0.356794
0.356794
0.356794
0.356794
0.356794
0.356794
0.356794
0.356794
0.356794
0.356794
0.356794
0.356794
0.356794
0.361681
0.356794
0.356794
0.356794
0.356794
0.356794
0.356794
0.356794
0.356794
0.356794
0.356794
0.356794
0.361681
0.356794
0.356794
0.356794
0.356794
0.356794
0.356794
0.356794
0.356794
0.356794
0.356794
0.356794
0.356794
0.356794
0.356794
0.356794
0.356794
0.356794
0.356794
0.356794
0.356794
0.356794
0.356794
0.356794
0.356794
0.356794
0.356794
0.356794
0.356794
0.356794
0.356794
0.356794
0.356794
0.356794
0.356794
0.356794
0.356794
0.356794
0.356794
0.356794
0.356794
0.356794
0.356794
0.356794
0.356794
0.356794
0.356794
0.356794
0.356794
0.381232
0.806452
1.427175
1.774194
1.608016
1.392962
1.730205
4.775171
4.775171
4.775171
4.765396
4.017595
3.646139
3.128055
2.609971
2.184751
1.896383
1.637341
1.476051
1.314761
1.143695
1.041056
0.923754