0.474096
0.464321
0.478983
0.464321
0.430108
0.439883
0.439883
0.449658
0.459433
0.488759
0.493646
0.478983
0.513196
0.493646
0.488759
0.474096
0.459433
0.508309
0.518084
0.532747
0.542522
0.518084
0.552297
0.532747
0.684262
1.867058
1.925709
1.309873
0.938416
0.659824
0.562072
0.625611
0.659824
1.309873
1.319648
1.241447
0.928641
0.777126
0.664712
0.615836
0.591398
1.231672
1.397849
1.241447
1.138807
0.957967
0.962854
0.884653
0.928641
0.742913
0.645161
0.586510
0.532747
0.483871
0.469208
0.439883
0.425220
0.434995
0.420332
0.420332
0.415445
0.415445
0.425220
0.400782
0.425220
0.425220
0.430108
0.434995
0.444770
0.415445
0.449658
0.425220
0.444770
0.439883
0.444770
0.425220
0.464321
0.439883
0.459433
0.430108
0.439883
0.434995
0.459433
0.454545
0.444770
0.454545
0.459433
0.478983
0.469208
0.449658
0.459433
0.469208
0.474096
0.488759
0.469208
0.459433
0.464321
0.459433
0.454545
0.434995
0.434995
0.444770
0.459433
0.439883
0.439883
0.425220
0.439883
0.434995
0.449658
0.449658
0.454545
0.449658
0.430108
0.439883
0.444770
0.454545
0.434995
0.425220
0.444770
0.430108
0.449658
0.439883
0.439883
0.449658
0.454545
0.430108
0.464321
0.434995
0.444770
0.444770
0.444770
0.454545
0.434995
0.449658
0.430108
0.454545
0.449658
0.454545
0.430108
0.425220
0.439883
0.449658
0.444770
0.444770
0.434995
0.439883
0.420332
0.420332
0.420332
0.420332
0.405670
0.425220
0.430108
0.430108
0.420332
0.420332
0.425220
0.439883
0.425220
0.420332