0.405670
0.430108
0.464321
0.469208
0.434995
0.391007
0.376344
0.366569
0.361681
0.464321
0.493646
0.527859
0.581623
0.508309
0.464321
0.493646
0.591398
0.518084
0.513196
0.498534
0.522972
0.513196
0.522972
0.503421
0.478983
0.508309
0.518084
1.031281
1.080156
1.378299
1.089932
0.933529
0.962854
0.640274
0.601173
1.006843
1.173021
0.987292
1.041056
0.918866
0.713587
0.664712
0.645161
0.821114
0.821114
0.845552
0.821114
0.884653
0.821114
0.728250
0.669599
0.552297
0.552297
0.503421
0.488759
0.444770
0.474096
0.464321
0.454545
0.454545
0.439883
0.449658
0.464321
0.434995
0.425220
0.449658
0.430108
0.459433
0.439883
0.434995
0.454545
0.434995
0.425220
0.444770
0.459433
0.459433
0.439883
0.434995
0.434995
0.444770
0.434995
0.444770
0.420332
0.420332
0.425220
0.434995
0.430108
0.430108
0.434995
0.425220
0.439883
0.449658
0.425220
0.439883
0.444770
0.444770
0.439883
0.449658
0.444770
0.444770
0.430108
0.449658
0.420332
0.425220
0.444770
0.449658
0.439883
0.449658
0.430108
0.444770
0.434995
0.434995
0.444770
0.415445
0.415445
0.425220
0.434995
0.430108
0.430108
0.415445
0.420332
0.434995
0.430108
0.405670
0.410557
0.439883
0.420332
0.410557
0.425220
0.415445
0.425220
0.430108
0.425220
0.425220
0.430108
0.444770
0.439883
0.420332
0.434995
0.430108
0.430108
0.434995
0.425220
0.434995
0.439883
0.449658
0.415445
0.430108
0.444770
0.449658
0.459433
0.444770
0.444770
0.420332
0.449658
0.439883
0.439883
0.434995
0.420332
0.425220