0.449658
0.454545
0.469208
0.454545
0.425220
0.415445
0.410557
0.405670
0.444770
0.488759
0.513196
0.571848
0.562072
0.513196
0.625611
0.821114
1.016618
0.782014
0.674487
0.562072
0.620723
0.630499
1.339198
1.339198
1.471163
1.080156
0.821114
0.679374
0.586510
0.723363
1.021505
1.173021
1.070381
1.163245
0.943304
1.041056
1.109482
0.860215
0.650049
0.542522
0.503421
0.498534
0.439883
0.454545
0.434995
0.434995
0.449658
0.444770
0.439883
0.434995
0.430108
0.459433
0.474096
0.444770
0.449658
0.434995
0.449658
0.439883
0.449658
0.434995
0.444770
0.454545
0.474096
0.444770
0.449658
0.430108
0.420332
0.439883
0.459433
0.469208
0.478983
0.449658
0.464321
0.454545
0.459433
0.430108
0.454545
0.449658
0.454545
0.449658
0.493646
0.459433
0.444770
0.478983
0.454545
0.425220
0.454545
0.430108
0.444770
0.454545
0.430108
0.444770
0.430108
0.439883
0.444770
0.444770
0.430108
0.430108
0.434995
0.430108
0.449658
0.425220
0.464321
0.444770
0.449658
0.444770
0.434995
0.430108
0.449658
0.449658
0.434995
0.439883
0.410557
0.425220
0.425220
0.430108
0.430108
0.420332
0.425220
0.420332
0.410557
0.410557
0.415445
0.425220
0.439883
0.434995
0.444770
0.425220
0.434995
0.430108
0.420332
0.439883
0.449658
0.454545
0.420332
0.425220
0.464321
0.464321
0.459433
0.449658
0.454545
0.449658
0.464321
0.454545
0.434995
0.444770
0.459433
0.444770
0.415445
0.439883
0.454545
0.469208
0.430108
0.439883
0.410557
0.434995
0.464321
0.444770
0.459433
0.434995