0.356794
0.356794
0.356794
0.356794
0.356794
0.356794
0.356794
0.356794
0.356794
0.356794
0.356794
0.356794
0.356794
0.356794
0.356794
0.356794
0.356794
0.356794
0.356794
0.351906
0.356794
0.356794
0.356794
0.356794
0.356794
0.356794
0.356794
0.356794
0.356794
0.356794
0.356794
0.356794
0.356794
0.356794
0.356794
0.361681
0.356794
0.356794
0.356794
0.356794
0.356794
0.356794
0.356794
0.356794
0.356794
0.356794
0.356794
0.351906
0.356794
0.356794
0.356794
0.356794
0.356794
0.356794
0.356794
0.356794
0.547410
0.537634
0.469208
0.513196
0.625611
0.796676
0.708700
0.698925
0.630499
0.606061
0.684262
0.513196
0.557185
0.659824
0.742913
0.576735
0.650049
0.752688
0.606061
0.571848
0.654936
0.522972
0.537634
0.459433
0.601173
0.503421
0.493646
0.557185
0.459433
0.752688
2.018573
2.502444
1.920821
2.282502
4.198436
4.775171
4.775171
4.775171
4.017595
3.739003
3.260020
2.873900
2.639296
2.160313
1.783969
1.617791
1.568915
1.319648
1.104594
0.899316
0.777126
0.664712
0.620723
0.552297
0.464321
0.420332
0.434995
0.420332
0.410557
0.361681
0.361681
0.361681
0.361681
0.361681
0.356794
0.356794
0.356794
0.356794
0.356794
0.356794
0.356794
0.347019
0.351906
0.356794
0.356794
0.356794
0.356794
0.356794
0.356794
0.356794
0.356794
0.356794
0.356794
0.356794
0.356794
0.356794
0.356794
0.356794
0.351906
0.351906
0.356794
0.356794
0.356794
0.356794
0.356794
0.356794
0.356794
0.356794
0.356794
0.356794
0.356794
0.356794
0.356794
0.356794