0.654936
0.806452
0.777126
0.747801
0.742913
0.865103
0.664712
0.899316
0.728250
0.718475
0.772239
0.801564
0.786901
0.948192
0.869990
0.894428
0.821114
0.728250
0.674487
0.777126
0.747801
0.767351
0.625611
0.610948
0.689150
0.738025
0.659824
0.566960
0.645161
0.679374
0.703812
0.767351
0.777126
0.821114
0.791789
0.777126
0.791789
0.791789
0.752688
0.596285
0.884653
0.782014
0.767351
0.899316
0.718475
0.796676
0.762463
0.796676
0.645161
0.645161
0.640274
0.801564
2.341153
1.901271
1.260997
1.094819
0.992180
0.723363
0.694037
0.620723
0.674487
1.295210
1.598240
1.573803
1.212121
1.031281
0.874878
0.747801
0.654936
0.654936
0.615836
0.610948
1.671554
1.446725
1.285435
0.918866
0.953079
0.884653
0.874878
1.353861
1.129032
1.070381
0.845552
0.786901
0.698925
0.591398
0.620723
0.542522
0.547410
0.581623
0.557185
0.571848
0.547410
0.557185
0.537634
0.532747
0.571848
0.552297
0.542522
0.586510
0.532747
0.557185
0.547410
0.532747
0.542522
0.566960
0.557185
0.532747
0.503421
0.552297
0.508309
0.562072
0.522972
0.547410
0.547410
0.542522
0.527859
0.542522
0.513196
0.557185
0.547410
0.532747
0.527859
0.518084
0.552297
0.508309
0.562072
0.576735
0.552297
0.547410
0.552297
0.562072
0.576735
0.576735
0.562072
0.566960
0.537634
0.576735
0.547410
0.566960
0.508309
0.522972
0.537634
0.522972
0.527859
0.547410
0.557185
0.542522
0.537634
0.566960
0.542522
0.508309
0.596285
0.547410
0.522972
0.532747
0.527859
0.522972
0.527859
0.542522