0.361681
0.356794
0.356794
0.361681
0.361681
0.356794
0.356794
0.356794
0.356794
0.356794
0.386119
0.454545
0.405670
0.522972
0.478983
0.503421
0.493646
0.518084
0.483871
0.478983
0.434995
0.420332
0.400782
0.464321
0.420332
0.420332
0.405670
0.400782
0.542522
0.425220
0.420332
0.410557
0.400782
0.449658
0.488759
0.430108
0.410557
0.381232
0.420332
0.430108
0.420332
0.371457
0.386119
0.434995
0.444770
0.430108
0.376344
0.405670
0.464321
0.439883
0.381232
0.425220
0.552297
0.816227
0.630499
0.708700
0.669599
0.586510
0.698925
0.918866
1.045943
1.715543
2.473118
2.160313
1.329423
3.235582
4.775171
4.770283
4.770283
3.499511
3.152493
2.908113
2.399804
1.862170
1.788856
1.695992
1.529814
1.392962
1.295210
1.217009
1.173021
1.187683
0.987292
0.879765
0.801564
0.679374
0.518084
0.405670
0.376344
0.366569
0.361681
0.361681
0.361681
0.361681
0.361681
0.361681
0.361681
0.366569
0.356794
0.347019
0.312805
0.342131
0.351906
0.356794
0.356794
0.356794
0.356794
0.361681
0.356794
0.356794
0.356794
0.356794
0.356794
0.356794
0.356794
0.356794
0.356794
0.356794
0.361681
0.361681
0.356794
0.356794
0.356794
0.356794
0.356794
0.356794
0.356794
0.356794
0.356794
0.356794
0.356794
0.356794
0.356794
0.356794
0.356794
0.356794
0.356794
0.356794
0.356794
0.356794
0.356794
0.356794
0.356794
0.356794
0.356794
0.356794
0.351906
0.356794
0.356794
0.356794
0.356794
0.356794
0.356794
0.356794
0.356794
0.356794
0.356794
0.356794
0.356794
0.356794