0.356794
0.356794
0.356794
0.356794
0.356794
0.356794
0.356794
0.356794
0.356794
0.356794
0.356794
0.356794
0.356794
0.356794
0.356794
0.356794
0.356794
0.356794
0.356794
0.356794
0.356794
0.356794
0.356794
0.356794
0.356794
0.356794
0.356794
0.356794
0.356794
0.356794
0.356794
0.356794
0.356794
0.356794
0.356794
0.356794
0.356794
0.351906
0.356794
0.356794
0.356794
0.366569
0.410557
0.400782
0.405670
0.449658
0.557185
0.791789
0.894428
0.747801
0.703812
0.635386
0.610948
0.552297
0.518084
0.518084
0.503421
0.659824
0.474096
0.391007
0.366569
0.356794
0.337243
0.332356
0.312805
0.332356
0.347019
0.351906
0.351906
0.400782
0.376344
0.381232
0.376344
0.488759
0.395894
0.415445
0.478983
0.391007
0.659824
0.449658
0.518084
0.420332
0.669599
1.104594
1.295210
1.695992
2.419355
2.043011
3.841642
4.775171
4.775171
4.770283
3.626588
3.269795
2.629521
2.111437
1.764418
1.544477
1.417400
1.270772
1.129032
1.006843
0.874878
0.777126
0.664712
0.615836
0.562072
0.508309
0.439883
0.361681
0.342131
0.332356
0.351906
0.356794
0.356794
0.361681
0.356794
0.356794
0.356794
0.356794
0.356794
0.356794
0.356794
0.356794
0.356794
0.356794
0.356794
0.356794
0.356794
0.356794
0.356794
0.356794
0.356794
0.356794
0.356794
0.356794
0.356794
0.356794
0.356794
0.356794
0.356794
0.356794
0.356794
0.356794
0.356794
0.356794
0.356794
0.356794
0.356794
0.356794
0.356794
0.356794
0.356794
0.356794
0.356794
0.356794
0.356794
0.356794
0.356794
0.356794