0.356794
0.356794
0.356794
0.356794
0.356794
0.356794
0.356794
0.356794
0.356794
0.351906
0.356794
0.356794
0.356794
0.356794
0.356794
0.356794
0.356794
0.356794
0.356794
0.356794
0.356794
0.356794
0.356794
0.356794
0.351906
0.356794
0.351906
0.347019
0.351906
0.342131
0.342131
0.356794
0.356794
0.415445
0.400782
0.376344
0.371457
0.425220
0.972630
0.879765
1.202346
1.285435
1.241447
1.334311
1.383187
2.199413
3.690127
3.528837
2.375367
1.432063
1.094819
1.099707
1.060606
1.329423
1.407625
1.710655
1.779081
1.798631
1.759531
1.652004
1.505376
1.348974
1.207234
1.050831
0.943304
0.811339
0.650049
0.552297
0.454545
0.371457
0.361681
0.356794
0.356794
0.356794
0.356794
0.356794
0.356794
0.356794
0.356794
0.356794
0.356794
0.356794
0.356794
0.356794
0.356794
0.356794
0.351906
0.356794
0.351906
0.351906
0.356794
0.356794
0.356794
0.356794
0.356794
0.356794
0.356794
0.356794
0.356794
0.356794
0.356794
0.356794
0.356794
0.356794
0.356794
0.356794
0.356794
0.356794
0.356794
0.356794
0.356794
0.356794
0.356794
0.351906
0.356794
0.356794
0.356794
0.356794
0.356794
0.356794
0.356794
0.356794
0.356794
0.356794
0.356794
0.356794
0.356794
0.356794
0.356794
0.356794
0.356794
0.356794
0.356794
0.356794
0.356794
0.356794
0.356794
0.356794
0.395894
0.498534
0.562072
0.801564
1.246334
2.008798
1.857283
1.539589
1.485826
3.328446
4.335288
3.435973
1.955034
1.036168
0.708700
0.967742
0.928641
1.163245
1.182796
1.202346
1.168133
1.094819