0.449658
0.483871
0.518084
0.527859
0.518084
0.513196
0.498534
0.513196
0.469208
0.576735
0.625611
0.591398
0.615836
0.576735
0.596285
0.537634
0.537634
0.674487
0.772239
0.664712
0.586510
0.552297
0.806452
1.471163
1.383187
1.085044
0.718475
0.630499
0.596285
0.591398
0.718475
1.119257
1.094819
1.138807
0.860215
0.786901
0.713587
0.562072
0.738025
0.957967
1.627566
1.578690
1.466276
1.480938
1.241447
1.304985
1.070381
0.777126
0.708700
0.596285
0.562072
0.513196
0.557185
0.508309
0.493646
0.483871
0.503421
0.518084
0.498534
0.508309
0.508309
0.518084
0.552297
0.508309
0.508309
0.508309
0.513196
0.532747
0.488759
0.542522
0.503421
0.513196
0.537634
0.527859
0.562072
0.537634
0.537634
0.532747
0.493646
0.503421
0.508309
0.513196
0.518084
0.547410
0.518084
0.503421
0.508309
0.522972
0.488759
0.474096
0.478983
0.478983
0.488759
0.478983
0.469208
0.469208
0.493646
0.503421
0.493646
0.478983
0.513196
0.469208
0.464321
0.444770
0.498534
0.449658
0.478983
0.464321
0.527859
0.493646
0.478983
0.474096
0.454545
0.464321
0.454545
0.449658
0.420332
0.449658
0.434995
0.444770
0.434995
0.444770
0.430108
0.430108
0.459433
0.464321
0.449658
0.439883
0.425220
0.469208
0.474096
0.474096
0.469208
0.469208
0.454545
0.430108
0.464321
0.449658
0.449658
0.474096
0.498534
0.459433
0.493646
0.474096
0.498534
0.478983
0.493646
0.493646
0.483871
0.503421
0.483871
0.483871
0.493646
0.454545
0.488759
0.459433
0.478983
0.459433
0.488759
0.464321