0.371457
0.361681
0.356794
0.356794
0.351906
0.347019
0.332356
0.342131
0.337243
0.332356
0.332356
0.337243
0.332356
0.337243
0.444770
0.503421
0.410557
0.366569
0.351906
0.351906
0.361681
0.356794
0.347019
0.347019
0.342131
0.337243
0.342131
0.332356
0.332356
0.332356
0.356794
0.347019
0.332356
0.332356
0.327468
0.327468
0.347019
0.337243
0.434995
0.464321
0.459433
0.420332
0.425220
0.425220
0.449658
0.498534
0.537634
0.610948
0.615836
0.738025
0.620723
0.674487
1.099707
1.050831
0.850440
0.742913
0.767351
0.654936
0.532747
0.493646
0.684262
0.913978
0.923754
1.055718
0.962854
0.816227
0.723363
0.620723
0.552297
0.542522
0.650049
0.601173
0.669599
0.684262
0.865103
0.869990
1.089932
0.923754
0.782014
0.742913
0.615836
0.728250
0.571848
0.474096
0.566960
0.645161
0.586510
0.562072
0.566960
0.557185
0.557185
0.562072
0.615836
0.645161
0.547410
0.620723
0.576735
0.557185
0.566960
0.498534
0.571848
0.738025
0.581623
0.552297
0.615836
0.552297
0.654936
0.659824
0.620723
0.557185
0.537634
0.596285
0.625611
0.522972
0.571848
0.640274
0.747801
0.669599
0.522972
0.518084
0.591398
0.606061
0.562072
0.571848
0.566960
0.586510
0.596285
0.527859
0.527859
0.552297
0.527859
0.650049
0.527859
0.566960
0.518084
0.522972
0.547410
0.601173
0.508309
0.532747
0.478983
0.542522
0.532747
0.488759
0.527859
0.454545
0.464321
0.493646
0.498534
0.518084
0.508309
0.562072
0.518084
0.469208
0.449658
0.493646
0.474096
0.547410
0.552297
0.513196