0.449658
0.425220
0.415445
0.386119
0.405670
0.376344
0.351906
0.356794
0.571848
0.620723
0.615836
0.698925
1.182796
1.202346
0.723363
0.620723
0.552297
1.094819
1.417400
1.246334
1.163245
0.835777
0.694037
0.601173
0.571848
0.542522
0.782014
0.957967
1.129032
1.050831
1.226784
1.652004
1.285435
1.041056
1.314761
1.138807
1.221896
0.791789
0.762463
0.610948
0.493646
0.566960
0.591398
0.532747
0.518084
0.498534
0.562072
0.522972
0.527859
0.503421
0.542522
0.562072
0.562072
0.532747
0.547410
0.669599
0.601173
0.650049
0.669599
0.610948
0.694037
0.566960
0.625611
0.596285
0.640274
0.659824
0.630499
0.532747
0.562072
0.581623
0.537634
0.581623
0.591398
0.557185
0.576735
0.537634
0.581623
0.576735
0.689150
0.562072
0.522972
0.469208
0.508309
0.586510
0.576735
0.596285
0.606061
0.552297
0.527859
0.488759
0.498534
0.591398
0.498534
0.562072
0.542522
0.513196
0.503421
0.454545
0.478983
0.493646
0.508309
0.488759
0.522972
0.508309
0.474096
0.557185
0.498534
0.483871
0.522972
0.518084
0.498534
0.498534
0.586510
0.532747
0.503421
0.488759
0.498534
0.478983
0.498534
0.518084
0.527859
0.483871
0.571848
0.508309
0.469208
0.478983
0.508309
0.508309
0.571848
0.547410
0.547410
0.513196
0.527859
0.552297
0.571848
0.542522
0.478983
0.513196
0.576735
0.527859
0.552297
0.566960
0.522972
0.513196
0.513196
0.566960
0.513196
0.532747
0.503421
0.537634
0.449658
0.527859
0.557185
0.527859
0.522972
0.542522
0.498534
0.469208
0.493646
0.459433