0.518084
0.537634
0.513196
0.493646
0.503421
0.513196
0.527859
0.522972
0.527859
0.522972
0.503421
0.474096
0.469208
0.469208
0.493646
0.454545
0.415445
0.386119
0.366569
0.361681
0.371457
0.371457
0.386119
0.376344
0.361681
0.351906
0.317693
0.317693
0.347019
0.351906
0.342131
0.312805
0.327468
0.317693
0.322581
0.322581
0.312805
0.337243
0.347019
0.351906
0.356794
0.356794
0.356794
0.356794
0.361681
0.361681
0.356794
0.356794
0.361681
0.361681
0.356794
0.356794
0.356794
0.356794
0.347019
0.351906
0.347019
0.347019
0.347019
0.342131
0.356794
0.332356
0.347019
0.342131
0.342131
0.337243
0.342131
0.337243
0.347019
0.347019
0.337243
0.327468
0.312805
0.322581
0.337243
0.347019
0.356794
0.351906
0.351906
0.337243
0.337243
0.332356
0.332356
0.347019
0.332356
0.327468
0.317693
0.322581
0.317693
0.312805
0.332356
0.342131
0.351906
0.351906
0.351906
0.356794
0.347019
0.351906
0.351906
0.337243
0.337243
0.342131
0.332356
0.337243
0.337243
0.342131
0.347019
0.332356
0.351906
0.498534
0.606061
0.894428
1.275660
1.353861
1.710655
1.397849
1.256109
1.940371
4.775171
4.775171
4.775171
2.805474
2.052786
2.199413
2.067449
1.940371
1.940371
1.656891
1.451613
1.138807
1.001955
0.874878
0.791789
0.728250
0.698925
0.625611
0.537634
0.459433
0.405670
0.356794
0.356794
0.356794
0.356794
0.356794
0.356794
0.356794
0.356794
0.356794
0.356794
0.356794
0.356794
0.356794
0.342131
0.332356
0.342131
0.347019
0.356794
0.351906
0.351906
0.351906