0.742913
0.733138
0.713587
0.742913
0.733138
0.747801
0.733138
0.747801
0.757576
0.767351
0.738025
0.757576
0.742913
0.684262
0.821114
0.811339
1.818182
1.964809
1.476051
1.314761
0.948192
0.830890
0.738025
0.772239
1.622678
1.564027
1.378299
1.119257
0.943304
0.826002
0.752688
0.772239
0.782014
0.865103
1.124145
1.637341
1.265885
1.089932
0.972630
0.894428
0.904203
0.855327
1.006843
0.928641
0.860215
0.899316
0.899316
0.918866
1.060606
0.997067
0.967742
0.948192
0.928641
1.006843
1.060606
1.085044
1.075269
0.967742
0.938416
0.982405
1.006843
0.977517
1.045943
1.094819
1.119257
0.982405
1.006843
1.417400
1.060606
0.957967
0.957967
1.045943
0.953079
0.904203
0.899316
0.938416
0.923754
0.904203
0.997067
0.889541
0.904203
0.918866
0.997067
0.992180
0.933529
0.909091
0.953079
0.987292
0.909091
0.913978
0.865103
0.913978
1.001955
0.938416
0.972630
1.119257
1.109482
1.026393
1.011730
0.977517
1.011730
1.006843
0.943304
1.026393
1.099707
1.026393
0.923754
0.997067
0.962854
0.967742
0.948192
0.962854
0.933529
0.933529
0.997067
1.070381
0.948192
1.016618
1.045943
1.050831
0.972630
0.962854
1.036168
0.953079
0.948192
0.992180
1.006843
1.016618
1.006843
0.943304
0.992180
0.977517
0.982405
1.041056
0.953079
1.114370
1.133920
1.075269
0.948192
0.957967
0.913978
0.835777
0.928641
1.001955
0.987292
0.982405
0.913978
0.962854
0.933529
0.972630
1.050831
0.997067
1.060606
1.006843
0.938416
0.918866
0.977517
1.006843
1.041056
1.124145