0.518084
0.542522
0.498534
0.498534
0.532747
0.518084
0.478983
0.459433
0.518084
0.640274
0.654936
0.586510
0.498534
0.518084
0.459433
0.464321
0.488759
0.464321
0.454545
0.483871
0.459433
0.493646
0.493646
0.498534
0.478983
0.493646
0.493646
0.483871
0.493646
0.508309
0.483871
0.498534
0.508309
0.498534
0.498534
0.518084
0.498534
0.508309
0.508309
0.498534
0.508309
0.503421
0.508309
0.518084
0.518084
0.527859
0.527859
0.483871
0.493646
0.478983
0.483871
0.478983
0.522972
0.518084
0.508309
0.513196
0.542522
0.532747
0.527859
0.562072
0.645161
0.796676
1.031281
0.884653
0.777126
0.694037
0.684262
1.451613
2.028348
1.348974
0.997067
0.762463
0.703812
0.713587
1.221896
1.573803
1.177908
1.050831
0.879765
0.738025
0.703812
0.742913
1.280547
1.133920
0.962854
1.060606
0.992180
0.742913
0.703812
0.630499
0.557185
0.542522
0.542522
0.527859
0.532747
0.508309
0.522972
0.498534
0.537634
0.527859
0.527859
0.503421
0.522972
0.508309
0.508309
0.493646
0.498534
0.518084
0.508309
0.566960
0.527859
0.503421
0.508309
0.527859
0.518084
0.557185
0.522972
0.537634
0.532747
0.552297
0.537634
0.518084
0.562072
0.527859
0.522972
0.522972
0.522972
0.527859
0.537634
0.547410
0.542522
0.532747
0.532747
0.522972
0.552297
0.513196
0.566960
0.542522
0.527859
0.596285
0.532747
0.532747
0.527859
0.537634
0.498534
0.518084
0.522972
0.527859
0.493646
0.542522
0.503421
0.522972
0.503421
0.508309
0.542522
0.557185
0.508309
0.522972
0.508309
0.503421