0.552297
0.571848
0.674487
0.576735
0.591398
0.586510
0.586510
0.513196
0.488759
0.488759
0.620723
0.513196
0.488759
0.454545
0.474096
0.596285
0.469208
0.488759
0.488759
0.508309
0.522972
0.483871
0.513196
0.474096
0.532747
0.469208
0.430108
0.405670
0.430108
0.439883
0.478983
0.791789
0.752688
0.830890
0.664712
0.522972
0.444770
0.415445
0.405670
0.420332
0.410557
0.728250
0.816227
0.772239
0.552297
0.498534
0.449658
0.464321
0.664712
0.527859
0.478983
0.420332
0.430108
0.791789
0.894428
0.845552
0.718475
0.640274
0.532747
0.620723
0.586510
0.532747
0.679374
0.659824
0.562072
0.508309
0.581623
0.581623
0.620723
0.640274
0.498534
0.508309
0.522972
0.527859
0.562072
0.498534
0.464321
0.513196
0.474096
0.571848
0.527859
0.581623
0.557185
0.542522
0.488759
0.566960
0.620723
0.518084
0.508309
0.522972
0.581623
0.542522
0.513196
0.566960
0.508309
0.532747
0.537634
0.718475
0.659824
0.518084
0.498534
0.542522
0.498534
0.586510
0.581623
0.508309
0.513196
0.503421
0.518084
0.483871
0.532747
0.542522
0.694037
0.718475
0.586510
0.596285
0.542522
0.645161
0.620723
0.532747
0.733138
0.566960
0.586510
0.537634
0.615836
0.596285
0.527859
0.503421
0.513196
0.527859
0.522972
0.522972
0.586510
0.522972
0.522972
0.498534
0.508309
0.522972
0.576735
0.508309
0.571848
0.552297
0.576735
0.498534
0.522972
0.508309
0.483871
0.562072
0.566960
0.645161
0.547410
0.557185
0.537634
0.596285
0.581623
0.532747
0.513196
0.527859
0.562072
0.547410