0.669599
0.615836
0.586510
0.620723
0.654936
0.635386
0.596285
0.630499
0.630499
0.645161
0.640274
0.625611
0.606061
0.610948
0.650049
0.645161
0.659824
0.659824
0.694037
0.801564
0.713587
0.645161
0.659824
0.610948
0.640274
0.659824
0.684262
0.723363
0.777126
0.689150
0.645161
0.703812
1.065494
1.221896
1.539589
1.280547
1.138807
1.050831
1.001955
0.884653
0.742913
0.659824
0.918866
0.669599
0.562072
0.625611
0.625611
0.674487
1.133920
1.001955
0.918866
0.987292
1.094819
1.153470
1.016618
0.869990
0.757576
0.708700
0.845552
0.738025
0.860215
0.713587
0.659824
0.601173
0.601173
0.645161
0.635386
0.615836
1.236559
1.070381
1.041056
1.065494
0.850440
0.728250
0.723363
0.786901
0.762463
0.742913
0.879765
0.728250
0.728250
0.723363
0.664712
0.698925
0.728250
0.855327
0.767351
0.703812
0.640274
0.645161
0.689150
0.884653
0.879765
0.830890
0.742913
0.757576
0.713587
0.708700
0.664712
0.674487
0.816227
0.703812
0.796676
0.782014
0.772239
0.723363
0.703812
0.694037
0.654936
0.733138
0.865103
0.728250
0.703812
0.689150
0.654936
0.723363
0.708700
0.708700
0.703812
0.742913
0.733138
0.782014
0.752688
0.718475
0.782014
0.791789
0.733138
0.733138
0.713587
0.796676
0.738025
0.718475
0.728250
0.708700
0.772239
0.757576
0.733138
0.703812
0.777126
0.767351
0.801564
0.850440
0.684262
0.767351
0.723363
0.645161
0.689150
0.694037
0.703812
0.742913
0.694037
0.738025
0.772239
0.698925
0.728250
0.835777
0.752688
0.786901
0.757576
0.698925