0.356794
0.395894
0.420332
0.547410
0.742913
0.562072
0.625611
0.596285
0.557185
0.464321
0.786901
1.461388
2.526882
3.880743
4.740958
4.736070
3.734115
1.823069
1.001955
1.260997
1.446725
1.275660
1.236559
0.987292
0.879765
0.884653
0.796676
0.679374
0.610948
0.552297
0.513196
0.483871
0.469208
0.454545
0.410557
0.425220
0.434995
0.410557
0.381232
0.327468
0.361681
0.439883
0.410557
0.371457
0.351906
0.342131
0.351906
0.425220
0.557185
0.498534
0.434995
0.361681
0.347019
0.351906
0.356794
0.356794
0.356794
0.356794
0.356794
0.356794
0.361681
0.361681
0.361681
0.356794
0.356794
0.361681
0.361681
0.356794
0.356794
0.356794
0.356794
0.356794
0.356794
0.356794
0.356794
0.356794
0.356794
0.356794
0.356794
0.356794
0.356794
0.356794
0.356794
0.356794
0.356794
0.356794
0.356794
0.356794
0.356794
0.351906
0.351906
0.351906
0.351906
0.351906
0.351906
0.351906
0.351906
0.347019
0.351906
0.351906
0.351906
0.351906
0.351906
0.351906
0.351906
0.351906
0.351906
0.351906
0.356794
0.351906
0.351906
0.351906
0.351906
0.351906
0.351906
0.356794
0.356794
0.356794
0.351906
0.351906
0.351906
0.351906
0.351906
0.351906
0.351906
0.351906
0.356794
0.351906
0.356794
0.356794
0.356794
0.356794
0.356794
0.356794
0.356794
0.356794
0.356794
0.356794
0.356794
0.356794
0.356794
0.356794
0.356794
0.356794
0.356794
0.425220
0.566960
0.518084
0.469208
0.469208
0.449658
0.527859
0.498534
0.615836
0.576735
0.488759
0.449658
0.606061
1.529814
1.578690