0.356794
0.356794
0.356794
0.361681
0.356794
0.356794
0.356794
0.361681
0.356794
0.356794
0.356794
0.356794
0.361681
0.361681
0.356794
0.337243
0.351906
0.356794
0.356794
0.356794
0.356794
0.356794
0.356794
0.356794
0.356794
0.356794
0.356794
0.351906
0.351906
0.351906
0.351906
0.351906
0.347019
0.351906
0.351906
0.351906
0.356794
0.356794
0.356794
0.356794
0.356794
0.356794
0.356794
0.356794
0.356794
0.356794
0.361681
0.361681
0.361681
0.356794
0.356794
0.356794
0.356794
0.356794
0.356794
0.356794
0.356794
0.356794
0.356794
0.356794
0.356794
0.356794
0.356794
0.351906
0.351906
0.356794
0.356794
0.356794
0.351906
0.351906
0.356794
0.351906
0.351906
0.356794
0.356794
0.356794
0.356794
0.356794
0.356794
0.351906
0.351906
0.351906
0.351906
0.351906
0.351906
0.351906
0.356794
0.356794
0.356794
0.356794
0.356794
0.356794
0.351906
0.356794
0.356794
0.356794
0.356794
0.356794
0.356794
0.356794
0.356794
0.356794
0.356794
0.351906
0.356794
0.356794
0.454545
0.391007
0.366569
0.361681
0.356794
0.356794
0.356794
0.356794
0.356794
0.356794
0.356794
0.356794
0.356794
0.356794
0.356794
0.356794
0.356794
0.356794
0.356794
0.356794
0.356794
0.351906
0.356794
0.356794
0.351906
0.366569
0.654936
1.143695
1.456500
2.302053
2.077224
1.495601
4.692082
4.770283
2.424242
2.218964
2.199413
2.267840
1.559140
2.649071
1.930596
1.793744
1.549365
0.879765
0.747801
4.433040
4.770283
4.770283
4.770283
4.770283
4.770283
4.770283
4.770283
4.770283