0.327468
0.327468
0.312805
0.342131
0.322581
0.342131
0.351906
0.356794
0.356794
0.356794
0.361681
0.356794
0.356794
0.356794
0.356794
0.356794
0.356794
0.356794
0.356794
0.356794
0.356794
0.361681
0.361681
0.356794
0.356794
0.659824
0.840665
0.777126
0.957967
1.143695
0.840665
0.962854
0.801564
0.718475
0.669599
0.571848
0.684262
0.527859
0.478983
0.640274
0.713587
0.694037
0.674487
0.830890
0.723363
1.006843
0.977517
1.642229
1.779081
1.436950
2.781036
4.775171
4.775171
4.775171
4.775171
4.516129
4.296188
4.188661
3.636364
2.859238
2.825024
2.717498
2.277615
1.930596
1.759531
1.617791
1.436950
1.173021
1.001955
0.855327
0.733138
0.650049
0.591398
0.562072
0.562072
0.571848
0.581623
0.552297
0.508309
0.434995
0.449658
0.459433
0.430108
0.400782
0.371457
0.337243
0.342131
0.322581
0.307918
0.322581
0.351906
0.356794
0.356794
0.317693
0.322581
0.347019
0.337243
0.327468
0.327468
0.327468
0.332356
0.351906
0.356794
0.356794
0.356794
0.356794
0.356794
0.356794
0.356794
0.356794
0.356794
0.356794
0.356794
0.356794
0.356794
0.356794
0.356794
0.356794
0.356794
0.356794
0.356794
0.356794
0.356794
0.356794
0.356794
0.356794
0.356794
0.356794
0.356794
0.356794
0.356794
0.356794
0.356794
0.356794
0.356794
0.356794
0.356794
0.356794
0.356794
0.356794
0.356794
0.356794
0.356794
0.356794
0.356794
0.356794
0.356794
0.356794
0.356794
0.356794
0.356794
0.356794
0.356794
0.356794
0.356794
0.356794
0.356794
0.356794
0.356794
0.356794