1.202346
1.114370
0.972630
0.826002
0.738025
0.640274
0.522972
0.444770
0.410557
0.371457
0.351906
0.342131
0.351906
0.356794
0.356794
0.366569
0.366569
0.645161
0.816227
1.158358
0.826002
0.738025
0.664712
0.576735
0.527859
0.630499
0.694037
0.547410
0.522972
0.752688
0.669599
0.635386
0.694037
0.723363
1.006843
1.798631
1.466276
1.505376
1.617791
4.340176
4.775171
4.775171
4.775171
4.349951
3.401760
3.010753
3.044966
3.611926
3.563050
2.873900
2.653959
2.521994
2.018573
1.813294
1.930596
1.397849
1.280547
1.192571
1.036168
0.869990
0.821114
0.762463
0.625611
0.742913
0.640274
0.532747
0.811339
0.757576
1.554252
2.140762
1.945259
1.871945
2.336266
1.666667
1.549365
1.300098
1.060606
1.114370
1.001955
1.461388
1.124145
0.957967
0.894428
1.324536
1.177908
1.485826
0.948192
0.547410
0.884653
0.811339
0.503421
0.405670
0.371457
0.391007
0.415445
0.591398
0.508309
0.532747
0.532747
0.527859
0.508309
0.527859
0.703812
0.620723
0.532747
0.547410
0.420332
0.386119
0.366569
0.361681
0.356794
0.356794
0.356794
0.337243
0.347019
0.351906
0.356794
0.356794
0.356794
0.356794
0.356794
0.356794
0.356794
0.361681
0.356794
0.361681
0.371457
0.361681
0.356794
0.371457
0.361681
0.356794
0.356794
0.361681
0.356794
0.400782
0.371457
0.361681
0.361681
0.356794
0.356794
0.356794
0.356794
0.356794
0.356794
0.356794
0.356794
0.356794
0.356794
0.356794
0.356794
0.356794
0.356794
0.356794
0.356794
0.356794
0.356794
0.356794
0.356794
0.356794