
0.356794
0.430108
0.508309
0.513196
0.542522
0.650049
0.879765
0.850440
0.987292
0.738025
0.694037
0.635386
0.645161
0.557185
0.478983
0.527859
0.659824
0.518084
0.518084
0.552297
0.503421
0.503421
0.542522
0.503421
0.562072
0.650049
0.562072
0.591398
0.527859
0.444770
0.425220
0.483871
0.449658
0.420332
0.444770
0.434995
0.439883
0.405670
0.430108
0.522972
0.537634
0.522972
0.454545
0.478983
0.439883
0.395894
0.474096
0.474096
0.459433
0.464321
0.430108
0.488759
0.410557
0.434995
0.478983
0.483871
1.001955
0.742913
0.742913
0.586510
0.576735
0.478983
0.410557
0.391007
0.503421
0.420332
0.430108
0.415445
0.386119
0.434995
0.459433
0.508309
0.542522
0.542522
0.762463
0.640274
0.610948
0.557185
0.498534
0.610948
0.821114
0.889541
0.782014
0.620723
0.733138
0.884653
0.703812
0.581623
0.527859
0.537634
0.684262
0.689150
0.625611
0.767351
0.669599
0.635386
0.581623
0.664712
0.689150
0.718475
0.635386
0.650049
0.742913
0.615836
0.581623
0.522972
0.576735
0.557185
0.664712
0.713587
0.625611
0.566960
0.469208
0.791789
0.943304
1.256109
1.686217
2.033236
1.622678
2.825024
4.775171
4.775171
4.775171
4.770283
3.660802
3.914956
3.856305
3.387097
2.922776
2.825024
2.526882
2.321603
2.121212
1.935484
1.813294
1.627566
1.344086
1.275660
1.148583
1.036168
0.894428
0.860215
0.806452
0.747801
0.718475
0.674487
0.630499
0.557185
0.513196
0.532747
0.703812
0.625611
0.576735
0.562072
0.591398
0.586510
0.488759
0.478983
0.547410
0.425220