0.405670
0.464321
0.449658
0.439883
0.430108
0.386119
0.430108
0.395894
0.386119
0.415445
0.410557
0.400782
0.395894
0.405670
0.391007
0.381232
0.420332
0.420332
0.410557
0.444770
0.430108
0.405670
0.395894
0.430108
0.464321
0.410557
0.400782
0.405670
0.395894
0.410557
0.366569
0.449658
0.395894
0.366569
0.395894
0.371457
1.304985
1.177908
1.148583
0.742913
0.571848
0.449658
0.434995
0.386119
0.366569
0.376344
0.943304
0.967742
0.767351
0.547410
0.483871
0.410557
0.386119
0.381232
0.356794
0.376344
0.366569
0.371457
0.518084
0.645161
0.708700
0.596285
0.498534
0.522972
0.474096
0.498534
0.454545
0.576735
0.454545
0.513196
0.508309
0.444770
0.439883
0.444770
0.415445
0.425220
0.405670
0.410557
0.420332
0.430108
0.405670
0.425220
0.478983
0.449658
0.434995
0.488759
0.434995
0.449658
0.449658
0.444770
0.439883
0.444770
0.454545
0.430108
0.449658
0.439883
0.474096
0.430108
0.425220
0.469208
0.439883
0.434995
0.410557
0.434995
0.415445
0.434995
0.405670
0.425220
0.679374
0.513196
0.420332
0.469208
0.474096
0.430108
0.430108
0.464321
0.405670
0.405670
0.449658
0.430108
0.434995
0.400782
0.420332
0.430108
0.415445
0.420332
0.430108
0.415445
0.391007
0.425220
0.415445
0.434995
0.449658
0.493646
0.454545
0.430108
0.434995
0.454545
0.415445
0.464321
0.430108
0.454545
0.425220
0.405670
0.415445
0.420332
0.459433
0.420332
0.469208
0.415445
0.425220
0.434995
0.420332
0.522972
0.454545
0.395894
0.400782
0.425220
0.503421
0.513196