0.351906
0.356794
0.351906
0.356794
0.356794
0.356794
0.351906
0.351906
0.351906
0.351906
0.351906
0.337243
0.356794
0.356794
0.356794
0.356794
0.361681
0.351906
0.356794
0.356794
0.361681
0.356794
0.361681
0.361681
0.356794
0.356794
0.356794
0.361681
0.366569
0.415445
0.957967
1.036168
1.173021
0.860215
0.786901
0.874878
1.026393
0.816227
0.689150
0.625611
0.615836
0.591398
0.606061
0.439883
0.459433
0.405670
0.425220
0.532747
0.645161
0.723363
0.718475
0.698925
0.689150
0.679374
0.601173
0.571848
0.547410
0.532747
0.508309
0.444770
0.439883
0.420332
0.420332
0.391007
0.400782
0.405670
0.532747
0.493646
0.508309
0.469208
0.415445
0.425220
0.439883
0.405670
0.522972
0.757576
1.432063
1.304985
1.177908
1.085044
4.745846
3.470186
4.100684
2.864125
3.504399
2.458456
1.231672
1.402737
1.334311
1.089932
0.855327
0.659824
0.601173
0.478983
0.430108
0.410557
0.415445
0.386119
0.366569
0.371457
0.381232
0.366569
0.366569
0.371457
0.366569
0.366569
0.361681
0.361681
0.356794
0.366569
0.361681
0.376344
0.376344
0.361681
0.361681
0.356794
0.361681
0.391007
0.381232
0.405670
0.376344
0.376344
0.381232
0.366569
0.366569
0.361681
0.356794
0.356794
0.386119
0.376344
0.391007
0.366569
0.386119
0.376344
0.400782
0.395894
0.391007
1.182796
2.419355
1.691105
1.564027
1.505376
2.013685
4.594330
4.775171
3.758553
4.086022
3.211144
1.959922
1.202346
0.811339
0.669599
0.586510
0.566960
0.508309
0.405670
0.400782
0.420332
0.381232
0.366569