0.425220
0.439883
0.444770
0.420332
0.474096
0.459433
0.454545
0.635386
0.571848
0.557185
0.493646
0.439883
0.425220
0.386119
0.493646
0.478983
1.138807
1.476051
1.402737
0.826002
0.816227
0.679374
0.513196
0.415445
0.469208
0.464321
0.527859
1.231672
1.295210
1.124145
0.957967
1.001955
1.226784
0.923754
0.596285
0.576735
0.620723
0.449658
0.884653
1.119257
1.407625
0.992180
0.928641
0.879765
0.850440
0.742913
0.826002
0.884653
0.845552
0.953079
0.904203
0.777126
0.777126
0.855327
0.684262
0.791789
0.869990
1.011730
1.016618
0.791789
0.723363
0.708700
0.762463
0.713587
0.796676
0.830890
0.738025
0.767351
0.733138
0.689150
0.615836
0.723363
0.640274
0.689150
0.620723
0.664712
0.762463
0.806452
0.767351
0.806452
0.767351
0.738025
0.703812
0.913978
0.811339
0.684262
0.645161
0.728250
0.664712
0.552297
0.557185
0.581623
0.698925
0.606061
0.620723
0.703812
0.860215
0.767351
0.689150
0.669599
0.747801
0.796676
0.811339
0.757576
0.630499
0.669599
0.630499
0.738025
0.762463
0.738025
0.659824
0.679374
0.772239
0.630499
0.625611
0.713587
0.884653
0.865103
0.840665
0.899316
0.664712
0.782014
0.904203
0.694037
0.659824
0.659824
0.801564
0.801564
0.752688
0.747801
0.772239
0.645161
0.645161
0.596285
0.586510
0.738025
0.723363
0.703812
0.620723
0.669599
0.659824
0.654936
0.581623
0.610948
0.659824
0.650049
0.689150
0.728250
0.747801
0.689150
0.630499
0.703812
0.977517
1.055718
1.031281
0.938416
0.855327
0.840665
0.625611
0.826002