0.713587
0.698925
0.689150
0.698925
0.689150
0.689150
0.674487
0.684262
0.698925
0.694037
0.694037
0.689150
0.694037
0.733138
0.791789
0.752688
0.742913
0.708700
0.718475
0.772239
0.796676
0.757576
0.830890
1.300098
2.121212
2.404692
2.580645
2.214076
1.862170
1.446725
1.129032
0.967742
0.962854
1.016618
1.001955
1.055718
1.041056
0.987292
1.041056
0.933529
1.036168
0.977517
0.938416
0.811339
0.782014
0.791789
1.143695
1.202346
1.011730
0.943304
0.977517
0.933529
0.933529
0.830890
0.977517
1.383187
1.666667
1.524927
1.202346
1.168133
1.260997
1.104594
1.031281
0.943304
0.869990
1.647116
1.798631
1.246334
1.075269
1.334311
1.324536
1.177908
1.197458
1.129032
0.972630
1.217009
1.769306
2.209189
1.544477
1.270772
1.344086
1.207234
1.173021
1.055718
0.987292
0.967742
0.874878
0.855327
0.913978
0.845552
0.786901
0.742913
0.928641
0.957967
0.855327
0.811339
0.865103
0.826002
0.835777
0.865103
0.913978
0.840665
0.801564
0.786901
0.752688
0.757576
0.830890
0.923754
0.830890
0.840665
0.786901
0.826002
0.821114
0.762463
0.782014
0.835777
0.796676
0.801564
0.742913
0.738025
0.777126
0.835777
0.855327
0.840665
0.747801
0.747801
0.786901
0.806452
0.835777
0.777126
0.806452
0.826002
0.786901
0.772239
0.767351
0.894428
0.826002
0.796676
0.762463
0.747801
0.791789
0.742913
0.762463
0.777126
0.821114
0.772239
0.772239
0.767351
0.796676
0.767351
0.757576
0.742913
0.767351
0.713587
0.782014
0.782014
0.801564
0.811339
0.767351
0.821114