0.454545
0.420332
0.420332
0.400782
0.381232
0.366569
0.366569
0.361681
0.356794
0.503421
0.694037
0.606061
0.547410
0.518084
0.478983
0.449658
0.454545
0.444770
0.566960
0.645161
0.640274
0.581623
0.566960
0.610948
0.982405
0.928641
1.783969
1.495601
1.212121
0.889541
0.640274
0.615836
0.513196
0.566960
1.158358
1.241447
1.480938
0.982405
0.913978
0.694037
0.586510
0.542522
0.596285
0.576735
0.816227
0.811339
1.700880
1.280547
1.031281
0.811339
0.733138
0.767351
0.620723
0.562072
0.503421
0.434995
0.469208
0.459433
0.474096
0.478983
0.449658
0.454545
0.434995
0.454545
0.444770
0.439883
0.439883
0.434995
0.430108
0.444770
0.444770
0.444770
0.444770
0.483871
0.444770
0.454545
0.469208
0.454545
0.430108
0.439883
0.449658
0.464321
0.434995
0.449658
0.434995
0.474096
0.464321
0.469208
0.449658
0.444770
0.464321
0.454545
0.474096
0.439883
0.474096
0.444770
0.478983
0.488759
0.469208
0.478983
0.439883
0.469208
0.478983
0.415445
0.469208
0.483871
0.478983
0.478983
0.483871
0.439883
0.469208
0.449658
0.434995
0.439883
0.449658
0.444770
0.459433
0.439883
0.454545
0.444770
0.464321
0.434995
0.469208
0.444770
0.430108
0.454545
0.474096
0.464321
0.469208
0.459433
0.444770
0.449658
0.444770
0.439883
0.439883
0.444770
0.469208
0.474096
0.454545
0.444770
0.488759
0.474096
0.439883
0.444770
0.434995
0.425220
0.439883
0.439883
0.425220
0.415445
0.430108
0.425220
0.430108
0.449658
0.405670
0.410557
0.439883
0.454545
0.439883
0.430108