0.650049
0.620723
0.537634
0.615836
0.669599
0.654936
0.664712
0.532747
0.581623
0.601173
0.718475
0.659824
0.733138
0.581623
0.532747
0.659824
0.674487
0.615836
0.562072
0.557185
0.542522
0.562072
0.615836
0.747801
0.630499
0.654936
0.625611
0.620723
0.518084
0.518084
0.571848
0.547410
0.513196
0.518084
0.566960
0.586510
0.889541
1.168133
1.568915
0.904203
0.845552
1.451613
3.440860
4.765396
4.765396
4.765396
4.765396
2.605083
3.416422
3.563050
3.338221
3.025415
2.903226
2.497556
2.243402
1.911046
1.739980
1.461388
1.202346
1.065494
0.938416
0.938416
0.850440
0.835777
0.723363
0.630499
0.581623
0.733138
0.723363
0.625611
0.581623
0.777126
0.689150
0.586510
0.532747
0.586510
0.620723
0.659824
0.483871
0.493646
0.498534
0.566960
0.513196
0.537634
0.454545
0.562072
0.547410
0.625611
0.518084
0.503421
0.522972
0.518084
0.630499
0.576735
0.606061
0.527859
0.620723
0.552297
0.537634
0.518084
0.601173
0.542522
0.542522
0.645161
0.532747
0.469208
0.493646
0.488759
0.503421
0.557185
0.562072
0.869990
0.811339
0.767351
0.801564
0.904203
1.392962
3.020528
4.765396
4.765396
4.765396
4.608993
4.677419
4.139785
2.365591
2.795699
3.548387
3.279570
2.996090
2.781036
2.272727
2.067449
1.891496
1.769306
1.769306
1.432063
1.334311
1.207234
1.114370
0.997067
0.938416
0.928641
1.026393
0.899316
0.796676
0.826002
0.747801
0.674487
0.532747
0.518084
0.733138
0.913978
0.625611
0.654936
0.591398
0.562072
0.606061
0.571848
0.542522
0.537634