0.498534
0.513196
0.518084
0.449658
0.415445
0.469208
0.444770
0.415445
0.395894
0.454545
0.640274
0.713587
0.645161
0.645161
0.606061
0.689150
0.654936
0.610948
0.689150
0.928641
0.918866
0.816227
0.767351
0.733138
0.659824
0.610948
0.620723
0.547410
0.591398
0.537634
1.339198
1.612903
1.344086
0.962854
0.635386
0.640274
0.527859
0.488759
1.436950
1.485826
1.461388
0.909091
0.742913
0.615836
0.562072
0.527859
1.075269
1.344086
1.876833
1.783969
1.246334
1.256109
1.065494
0.923754
1.344086
1.041056
0.786901
0.845552
0.654936
0.522972
0.571848
0.640274
0.522972
0.488759
0.547410
0.586510
0.601173
0.542522
0.532747
0.532747
0.503421
0.503421
0.518084
0.601173
0.513196
0.493646
0.527859
0.474096
0.483871
0.508309
0.474096
0.464321
0.469208
0.483871
0.469208
0.488759
0.513196
0.493646
0.478983
0.498534
0.508309
0.478983
0.498534
0.513196
0.474096
0.493646
0.478983
0.449658
0.464321
0.464321
0.469208
0.459433
0.464321
0.503421
0.469208
0.459433
0.459433
0.508309
0.478983
0.498534
0.478983
0.478983
0.493646
0.493646
0.488759
0.547410
0.503421
0.478983
0.508309
0.483871
0.478983
0.474096
0.464321
0.478983
0.469208
0.449658
0.518084
0.488759
0.478983
0.434995
0.439883
0.464321
0.478983
0.474096
0.478983
0.478983
0.444770
0.439883
0.459433
0.444770
0.449658
0.439883
0.498534
0.459433
0.469208
0.449658
0.425220
0.410557
0.464321
0.459433
0.483871
0.488759
0.483871
0.498534
0.454545
0.483871
0.454545
0.483871
0.483871
0.474096