0.728250
0.606061
0.782014
0.816227
0.782014
0.938416
0.733138
0.738025
0.640274
0.640274
0.571848
0.527859
1.197458
1.177908
1.798631
1.236559
0.889541
0.747801
0.703812
0.635386
1.119257
1.226784
1.094819
0.879765
0.850440
0.772239
0.640274
0.694037
0.923754
0.957967
1.446725
1.177908
1.177908
1.065494
0.811339
0.806452
0.664712
0.518084
0.674487
0.596285
0.552297
0.503421
0.478983
0.464321
0.469208
0.459433
0.474096
0.483871
0.483871
0.454545
0.459433
0.454545
0.474096
0.469208
0.503421
0.483871
0.488759
0.459433
0.483871
0.459433
0.488759
0.498534
0.449658
0.459433
0.459433
0.474096
0.459433
0.488759
0.478983
0.478983
0.464321
0.488759
0.474096
0.513196
0.474096
0.478983
0.454545
0.483871
0.483871
0.493646
0.469208
0.478983
0.474096
0.464321
0.464321
0.478983
0.469208
0.478983
0.464321
0.478983
0.459433
0.478983
0.459433
0.474096
0.478983
0.493646
0.464321
0.459433
0.444770
0.449658
0.444770
0.444770
0.449658
0.439883
0.454545
0.454545
0.459433
0.449658
0.459433
0.434995
0.483871
0.464321
0.454545
0.454545
0.483871
0.459433
0.454545
0.454545
0.474096
0.459433
0.459433
0.464321
0.469208
0.459433
0.469208
0.444770
0.474096
0.478983
0.478983
0.464321
0.478983
0.503421
0.483871
0.469208
0.483871
0.518084
0.508309
0.498534
0.493646
0.513196
0.459433
0.478983
0.474096
0.488759
0.488759
0.503421
0.464321
0.478983
0.474096
0.493646
0.483871
0.498534
0.474096
0.483871
0.464321
0.508309
0.469208
0.488759
0.459433
0.488759