0.757576
0.562072
0.503421
0.488759
0.469208
0.449658
0.483871
0.464321
0.444770
0.410557
0.434995
0.503421
0.601173
0.610948
0.596285
0.552297
0.503421
0.742913
0.586510
0.522972
0.464321
0.459433
0.449658
0.449658
0.591398
0.547410
0.586510
0.586510
0.522972
0.522972
0.522972
0.557185
0.601173
0.513196
0.537634
0.664712
0.606061
0.982405
1.402737
0.938416
0.762463
0.659824
0.615836
0.606061
0.522972
0.557185
0.645161
1.260997
1.373412
0.899316
0.703812
0.664712
0.684262
0.601173
0.542522
1.119257
1.642229
1.568915
1.568915
1.217009
1.285435
1.197458
0.899316
0.703812
0.537634
0.601173
0.498534
0.483871
0.483871
0.483871
0.498534
0.542522
0.498534
0.469208
0.454545
0.508309
0.474096
0.459433
0.503421
0.493646
0.542522
0.483871
0.483871
0.498534
0.493646
0.488759
0.474096
0.483871
0.454545
0.503421
0.474096
0.474096
0.478983
0.488759
0.483871
0.478983
0.483871
0.493646
0.527859
0.478983
0.483871
0.459433
0.493646
0.547410
0.488759
0.488759
0.464321
0.439883
0.459433
0.469208
0.478983
0.464321
0.449658
0.444770
0.439883
0.434995
0.430108
0.459433
0.444770
0.434995
0.439883
0.444770
0.434995
0.425220
0.454545
0.469208
0.439883
0.449658
0.430108
0.469208
0.454545
0.474096
0.459433
0.478983
0.454545
0.478983
0.454545
0.488759
0.444770
0.459433
0.459433
0.483871
0.454545
0.493646
0.464321
0.508309
0.474096
0.478983
0.493646
0.464321
0.469208
0.469208
0.464321
0.474096
0.478983
0.449658
0.454545
0.459433
0.474096
0.449658