0.391007
0.508309
0.615836
0.601173
0.562072
0.547410
0.537634
0.513196
0.522972
0.518084
0.493646
0.571848
0.689150
0.674487
0.635386
0.762463
0.713587
0.899316
0.713587
0.581623
0.581623
0.488759
0.777126
1.295210
1.104594
1.001955
0.772239
0.640274
0.689150
0.772239
1.309873
1.256109
1.050831
0.948192
0.684262
0.762463
0.742913
0.708700
1.065494
1.388074
1.207234
1.085044
0.953079
0.747801
0.566960
0.625611
0.522972
0.503421
0.527859
0.483871
0.474096
0.454545
0.513196
0.508309
0.527859
0.498534
0.522972
0.562072
0.498534
0.478983
0.488759
0.488759
0.518084
0.483871
0.483871
0.527859
0.493646
0.464321
0.488759
0.493646
0.459433
0.469208
0.464321
0.434995
0.415445
0.425220
0.430108
0.425220
0.459433
0.434995
0.439883
0.430108
0.439883
0.430108
0.464321
0.425220
0.430108
0.449658
0.449658
0.434995
0.420332
0.410557
0.434995
0.425220
0.430108
0.425220
0.415445
0.405670
0.425220
0.434995
0.420332
0.425220
0.425220
0.430108
0.430108
0.420332
0.425220
0.425220
0.444770
0.415445
0.434995
0.439883
0.425220
0.415445
0.430108
0.444770
0.430108
0.434995
0.434995
0.449658
0.444770
0.434995
0.464321
0.459433
0.439883
0.439883
0.405670
0.439883
0.415445
0.420332
0.434995
0.430108
0.439883
0.434995
0.430108
0.425220
0.430108
0.425220
0.434995
0.434995
0.434995
0.405670
0.415445
0.420332
0.430108
0.410557
0.410557
0.410557
0.410557
0.425220
0.425220
0.410557
0.405670
0.395894
0.410557
0.420332
0.430108
0.420332
0.410557
0.410557