2.634409
2.267840
2.003910
1.744868
1.534702
1.314761
1.173021
1.089932
0.962854
0.869990
0.786901
0.703812
0.620723
0.586510
0.527859
0.459433
0.488759
0.478983
0.425220
0.381232
0.381232
0.361681
0.356794
0.376344
0.371457
0.342131
0.322581
0.327468
0.337243
0.342131
0.322581
0.317693
0.317693
0.312805
0.317693
0.312805
0.332356
0.303030
0.317693
0.342131
0.327468
0.322581
0.317693
0.322581
0.342131
0.337243
0.337243
0.317693
0.342131
0.332356
0.342131
0.327468
0.332356
0.347019
0.356794
0.356794
0.347019
0.351906
0.356794
0.356794
0.356794
0.356794
0.356794
0.356794
0.356794
0.356794
0.356794
0.356794
0.356794
0.356794
0.356794
0.356794
0.356794
0.356794
0.356794
0.356794
0.356794
0.356794
0.356794
0.356794
0.356794
0.356794
0.356794
0.356794
0.356794
0.361681
0.356794
0.351906
0.356794
0.356794
0.356794
0.356794
0.356794
0.356794
0.356794
0.356794
0.356794
0.356794
0.356794
0.356794
0.356794
0.356794
0.356794
0.356794
0.356794
0.356794
0.356794
0.356794
0.356794
0.356794
0.356794
0.356794
0.356794
0.356794
0.356794
0.356794
0.425220
0.483871
0.723363
0.811339
1.759531
3.274682
1.974585
1.226784
2.375367
4.775171
4.775171
4.775171
4.765396
3.665689
3.421310
3.216031
2.888563
2.531769
2.365591
2.209189
2.033236
1.803519
1.612903
1.373412
1.221896
1.099707
1.006843
0.913978
0.738025
1.050831
1.304985
1.397849
1.554252
1.524927
1.417400
1.021505
0.938416
0.845552
0.674487
0.537634
0.562072
0.674487
0.650049
0.723363