4.765396
4.247312
3.695015
3.049853
2.810362
2.561095
2.287390
2.072336
1.798631
1.627566
1.451613
1.339198
1.265885
1.129032
0.992180
0.992180
0.865103
0.806452
0.738025
0.796676
0.757576
0.679374
0.767351
0.713587
0.650049
0.640274
0.718475
0.742913
0.640274
0.659824
0.659824
0.659824
0.630499
0.689150
0.684262
0.953079
1.529814
1.637341
1.158358
1.520039
3.826979
4.770283
4.775171
4.770283
4.775171
4.408602
4.374389
4.369501
4.222874
3.968719
3.856305
3.416422
3.035191
2.756598
2.434018
2.179863
1.867058
1.700880
1.490714
1.436950
1.265885
1.094819
1.085044
1.055718
1.036168
0.904203
0.845552
0.694037
0.679374
0.713587
0.654936
0.640274
0.571848
0.625611
0.532747
0.625611
0.444770
0.347019
0.337243
0.351906
0.356794
0.351906
0.356794
0.356794
0.356794
0.356794
0.356794
0.361681
0.361681
0.361681
0.361681
0.361681
0.337243
0.351906
0.356794
0.356794
0.361681
0.361681
0.356794
0.356794
0.356794
0.356794
0.356794
0.361681
0.361681
0.356794
0.356794
0.356794
0.356794
0.356794
0.356794
0.356794
0.356794
0.356794
0.356794
0.356794
0.356794
0.356794
0.356794
0.356794
0.356794
0.356794
0.356794
0.356794
0.356794
0.356794
0.356794
0.356794
0.356794
0.356794
0.356794
0.356794
0.356794
0.356794
0.356794
0.351906
0.356794
0.356794
0.356794
0.356794
0.356794
0.351906
0.356794
0.356794
0.356794
0.356794
0.356794
0.356794
0.356794
0.356794
0.356794
0.356794
0.356794
0.356794
0.356794
0.356794
0.356794
0.356794
0.356794
0.356794