0.405670
0.464321
0.576735
0.552297
0.518084
0.474096
0.430108
0.459433
0.434995
0.425220
0.434995
0.425220
0.469208
0.615836
0.493646
0.488759
0.493646
0.527859
0.552297
0.532747
0.508309
0.522972
0.772239
1.099707
0.918866
0.791789
0.615836
0.625611
0.586510
0.596285
0.865103
1.182796
0.938416
0.835777
0.615836
0.606061
0.537634
0.527859
0.713587
1.344086
1.187683
0.796676
0.728250
0.757576
0.669599
0.596285
0.513196
0.469208
0.444770
0.430108
0.425220
0.420332
0.415445
0.420332
0.425220
0.439883
0.439883
0.425220
0.410557
0.420332
0.420332
0.410557
0.430108
0.415445
0.415445
0.439883
0.400782
0.410557
0.405670
0.410557
0.420332
0.420332
0.420332
0.430108
0.430108
0.425220
0.430108
0.425220
0.400782
0.415445
0.395894
0.415445
0.410557
0.415445
0.405670
0.405670
0.405670
0.410557
0.410557
0.410557
0.405670
0.395894
0.410557
0.395894
0.410557
0.400782
0.430108
0.410557
0.420332
0.425220
0.425220
0.410557
0.410557
0.400782
0.405670
0.405670
0.425220
0.430108
0.439883
0.434995
0.434995
0.439883
0.415445
0.391007
0.425220
0.430108
0.425220
0.420332
0.425220
0.405670
0.410557
0.425220
0.415445
0.420332
0.400782
0.410557
0.395894
0.425220
0.395894
0.420332
0.400782
0.420332
0.410557
0.415445
0.400782
0.415445
0.420332
0.405670
0.415445
0.405670
0.405670
0.405670
0.391007
0.386119
0.386119
0.395894
0.400782
0.391007
0.410557
0.400782
0.395894
0.400782
0.415445
0.410557
0.400782
0.405670
0.410557
0.405670
0.400782
0.395894