0.449658
0.430108
0.420332
0.430108
0.464321
0.522972
0.532747
0.518084
0.547410
0.562072
0.601173
0.601173
0.498534
0.444770
0.439883
0.503421
0.508309
0.464321
0.493646
0.483871
0.459433
0.415445
0.400782
0.391007
0.405670
0.405670
0.518084
0.733138
0.791789
0.762463
0.742913
0.679374
0.625611
0.615836
0.586510
0.571848
0.547410
0.518084
0.498534
0.478983
0.464321
0.459433
0.943304
0.796676
0.606061
0.542522
0.513196
0.562072
1.251222
1.769306
1.559140
0.992180
0.865103
0.674487
1.129032
1.441838
1.446725
0.957967
0.772239
0.747801
1.495601
1.573803
1.524927
1.510264
1.217009
0.972630
0.801564
0.718475
0.630499
0.581623
0.576735
0.483871
0.508309
0.483871
0.508309
0.464321
0.474096
0.483871
0.483871
0.474096
0.483871
0.454545
0.459433
0.459433
0.493646
0.478983
0.488759
0.483871
0.478983
0.469208
0.488759
0.483871
0.474096
0.474096
0.478983
0.474096
0.474096
0.474096
0.464321
0.469208
0.469208
0.459433
0.454545
0.449658
0.454545
0.444770
0.454545
0.454545
0.469208
0.464321
0.474096
0.469208
0.454545
0.454545
0.449658
0.449658
0.459433
0.469208
0.474096
0.474096
0.478983
0.483871
0.469208
0.454545
0.459433
0.478983
0.488759
0.478983
0.469208
0.464321
0.469208
0.464321
0.464321
0.469208
0.464321
0.459433
0.454545
0.469208
0.449658
0.464321
0.454545
0.474096
0.459433
0.459433
0.449658
0.483871
0.464321
0.474096
0.449658
0.483871
0.464321
0.469208
0.454545
0.474096
0.469208
0.469208
0.474096
0.464321
0.454545
0.483871