0.434995
0.430108
0.425220
0.464321
0.444770
0.449658
0.434995
0.454545
0.449658
0.474096
0.478983
0.474096
0.439883
0.449658
0.449658
0.434995
0.439883
0.425220
0.415445
0.420332
0.410557
0.454545
0.444770
0.449658
0.464321
0.464321
0.444770
0.439883
0.439883
0.459433
0.464321
0.469208
0.474096
0.464321
0.459433
0.464321
0.522972
0.591398
0.723363
0.576735
0.562072
0.610948
0.703812
0.869990
1.388074
1.045943
0.850440
0.826002
0.742913
0.659824
0.796676
1.202346
1.133920
0.894428
0.884653
0.733138
0.562072
0.625611
1.226784
1.226784
1.246334
1.016618
0.899316
0.899316
0.840665
0.752688
0.713587
0.826002
0.596285
0.547410
0.542522
0.532747
0.469208
0.454545
0.513196
0.474096
0.478983
0.444770
0.503421
0.488759
0.483871
0.483871
0.483871
0.474096
0.498534
0.454545
0.454545
0.464321
0.459433
0.469208
0.478983
0.493646
0.454545
0.478983
0.474096
0.444770
0.493646
0.469208
0.493646
0.478983
0.513196
0.478983
0.527859
0.474096
0.444770
0.459433
0.444770
0.474096
0.454545
0.459433
0.454545
0.498534
0.464321
0.449658
0.478983
0.449658
0.454545
0.439883
0.464321
0.469208
0.464321
0.488759
0.513196
0.478983
0.464321
0.469208
0.474096
0.483871
0.478983
0.474096
0.474096
0.469208
0.503421
0.498534
0.508309
0.566960
0.503421
0.532747
0.552297
0.508309
0.503421
0.527859
0.464321
0.478983
0.474096
0.503421
0.498534
0.469208
0.464321
0.449658
0.425220
0.474096
0.449658
0.434995
0.434995
0.439883
0.444770
0.439883
0.469208
0.449658