0.654936
0.630499
0.689150
0.679374
0.806452
0.733138
0.659824
0.723363
0.782014
0.698925
0.684262
0.571848
0.532747
1.085044
1.202346
1.256109
0.816227
0.742913
0.606061
0.953079
1.334311
1.334311
1.275660
0.840665
0.733138
0.713587
0.566960
1.324536
1.368524
1.197458
1.021505
1.026393
0.850440
0.830890
0.845552
0.884653
0.684262
0.733138
0.601173
0.728250
0.689150
0.669599
0.738025
0.742913
0.615836
0.606061
0.708700
0.659824
0.625611
0.615836
0.708700
0.625611
0.601173
0.581623
0.620723
0.694037
0.635386
0.571848
0.645161
0.630499
0.664712
0.606061
0.552297
0.679374
0.654936
0.630499
0.576735
0.654936
0.513196
0.552297
0.664712
0.610948
0.635386
0.601173
0.596285
0.650049
0.718475
0.684262
0.610948
0.576735
0.630499
0.566960
0.684262
0.650049
0.669599
0.669599
0.664712
0.610948
0.562072
0.610948
0.591398
0.557185
0.552297
0.635386
0.635386
0.615836
0.664712
0.645161
0.586510
0.606061
0.591398
0.586510
0.566960
0.708700
0.635386
0.606061
0.522972
0.620723
0.640274
0.615836
0.625611
0.615836
0.635386
0.606061
0.586510
0.586510
0.547410
0.557185
0.566960
0.576735
0.630499
0.742913
0.654936
0.708700
0.718475
0.669599
0.586510
0.591398
0.650049
0.542522
0.625611
0.566960
0.635386
0.581623
0.576735
0.518084
0.498534
0.610948
0.591398
0.650049
0.645161
0.640274
0.571848
0.674487
0.620723
0.669599
0.738025
0.640274
0.527859
0.591398
0.527859
0.625611
0.615836
0.650049
0.659824
0.547410
0.586510
0.615836
0.596285
0.601173