1.402737
1.559140
1.617791
1.612903
1.725318
1.544477
1.544477
1.500489
1.495601
1.471163
1.436950
1.544477
1.529814
1.461388
1.603128
1.695992
1.617791
1.549365
1.524927
1.490714
1.505376
1.500489
1.485826
1.500489
1.466276
1.510264
1.505376
1.485826
1.500489
1.490714
1.480938
1.471163
1.451613
1.647116
1.754643
1.759531
1.774194
1.705767
1.559140
1.490714
1.476051
1.500489
1.432063
1.441838
1.383187
1.353861
1.388074
1.392962
1.363636
1.373412
1.368524
1.358749
1.559140
1.603128
1.500489
1.451613
1.432063
1.612903
1.671554
1.529814
1.500489
1.441838
1.441838
1.456500
1.461388
1.461388
1.436950
1.427175
1.422287
1.383187
1.353861
1.358749
1.480938
1.515152
1.549365
1.559140
1.568915
1.524927
1.476051
1.715543
1.725318
1.637341
1.705767
1.632454
1.632454
1.583578
1.564027
1.515152
1.524927
1.564027
1.803519
1.813294
1.676442
1.984360
1.920821
1.818182
1.573803
1.480938
1.451613
1.520039
1.608016
1.695992
1.568915
1.549365
1.392962
1.417400
1.417400
1.427175
1.324536
1.368524
1.397849
1.490714
1.510264
1.451613
1.544477
1.554252
1.461388
1.412512
1.397849
1.353861
1.348974
1.348974
1.534702
1.593353
1.490714
1.524927
1.818182
2.292278
1.964809
1.735093
1.886608
1.744868
1.754643
1.676442
1.700880
1.710655
1.647116
1.564027
1.539589
1.524927
1.583578
1.583578
1.564027
1.603128
1.686217
1.656891
1.559140
1.583578
1.700880
1.661779
1.676442
1.583578
1.759531
1.857283
1.803519
1.627566
1.476051
1.373412
1.304985
1.358749
1.471163
1.520039
1.471163
1.441838
1.397849
1.505376
1.793744
1.691105
1.989247
2.248289
2.502444
1.881720
1.857283
1.627566
1.510264
1.417400
1.402737
1.309873
1.241447
1.466276
1.436950
1.368524
1.304985
1.598240
1.715543
1.915934
1.744868
1.837732
1.764418
1.642229
1.554252
1.446725
1.520039
1.559140
1.730205
1.632454
1.559140
1.383187
1.568915
1.441838
1.534702
1.549365
1.783969
1.549365
1.549365
1.466276
1.544477
1.529814
1.656891
1.676442
1.564027
1.788856
2.302053
2.781036
2.399804
2.155425
1.823069
1.622678
1.539589
1.485826
1.392962
1.388074
1.451613
1.446725
1.466276
1.427175
1.422287
1.637341
2.126100
1.925709
2.101662
2.404692
2.116325
1.925709
1.686217
1.588465
1.471163
1.407625
1.417400
1.554252
1.480938
1.671554
1.539589
1.471163
1.749756
1.813294
1.793744
2.478006
2.184751
1.881720
1.666667
1.691105
1.793744
1.700880
1.603128
1.573803
1.593353
1.466276
1.412512
1.539589
1.744868
1.627566
1.485826
1.691105
1.671554
1.612903
1.661779
1.490714
1.446725
1.441838
1.436950
1.344086
1.593353
1.617791
1.485826
1.417400
1.319648
1.652004
1.671554
2.101662
1.920821
1.612903
1.568915
1.534702
1.515152
1.446725
1.388074
1.363636
1.436950
1.593353
1.476051
1.500489
1.485826
1.588465
1.568915
1.730205
2.243402
2.365591
1.969697
1.705767
1.564027
1.505376
1.461388
1.466276
1.456500
1.495601
1.476051
1.520039
1.490714
1.529814
1.857283
2.267840
2.145650
1.744868
1.798631
1.739980
1.608016
1.852395
1.774194
1.534702
1.441838
1.427175
1.436950
1.500489
1.608016
2.028348
1.989247
2.121212
1.950147
1.798631
1.739980
1.700880
1.813294
1.744868
1.666667
1.495601
1.441838
1.515152
1.549365
1.656891
1.617791
2.204301
2.859238
2.781036
2.360704
1.813294
1.598240
1.593353
1.544477
1.456500
1.485826
1.456500
1.466276
1.495601
1.529814
1.603128
1.969697
2.013685
2.086999
1.989247
2.306940
2.023460
1.774194
1.588465
1.451613
1.446725
1.524927
1.476051
1.461388
1.397849
1.593353
1.808407
1.876833
2.321603
3.088954
2.380254
1.945259
1.769306
1.656891
1.593353
1.480938
1.544477
1.642229
1.730205
1.642229
1.564027
1.539589
2.292278
2.140762
2.321603
2.331378
2.086999
2.101662
1.984360
1.779081
1.524927
1.471163
1.466276
1.402737
1.500489
1.539589
1.480938
1.432063
1.842620
1.744868
1.656891
2.072336
1.881720
1.656891
1.617791
1.515152
1.666667
1.520039
1.446725
1.432063
1.466276
1.427175
1.476051
1.500489
1.588465
2.204301
2.292278
2.160313
1.783969
1.832845
1.862170
1.720430
1.539589
1.534702
1.485826
1.515152
1.539589
1.798631
2.624633
2.746823
2.575758
2.150538
2.101662
1.999022
1.783969
1.691105
1.588465
1.559140
1.568915
1.578690
1.881720
2.272727
2.101662
1.959922
1.725318
1.862170
1.930596
1.935484
1.857283
1.720430
1.622678
1.534702
1.617791
1.593353
1.676442
1.578690
1.627566
1.803519
1.774194
1.959922
1.964809
1.739980
1.637341
1.720430
1.715543
1.524927
1.495601
1.446725
1.520039
1.573803
1.524927
1.529814
1.598240
1.764418
1.730205
2.145650
1.950147
2.130987
1.842620
1.647116
1.554252
1.505376
1.500489
1.500489
1.612903
1.715543
1.681329
1.744868
1.788856
2.121212
2.204301
2.082111
2.038123
2.067449
1.749756
1.739980
1.661779
1.593353
1.549365
1.544477
1.808407
1.686217
1.744868
1.823069
2.165200
3.005865
2.429130
2.292278
2.199413
1.862170
1.603128
1.495601
1.456500
1.573803
1.490714
1.539589
1.593353
1.720430
2.038123
1.906158
2.360704
2.111437
1.837732
1.632454
1.554252
1.529814
1.554252
1.564027
1.744868
1.739980
1.774194
1.686217
1.647116
1.925709
2.067449
1.881720
1.940371
1.739980
1.744868
1.637341
1.524927
1.505376
1.490714
1.529814
1.573803
1.617791
1.578690
1.642229
1.612903
1.974585
2.218964
2.702835
2.336266
2.082111
1.896383
1.749756
1.632454
1.554252
1.554252
1.622678
1.554252
1.608016
1.652004
2.331378
1.876833
3.108504
2.673509
2.272727
2.047898
1.930596
1.710655
1.867058
1.779081
1.652004
1.608016
1.593353
1.544477
1.764418
2.194526
2.101662
2.873900
2.781036
2.414467
1.955034
1.710655
1.637341
1.524927
1.588465
1.627566
1.686217
1.715543
1.979472
1.842620
2.355816
3.069404
2.873900
2.326491
1.935484
1.827957
1.676442
1.612903
1.593353
1.627566
1.603128
1.603128
1.632454
1.754643
2.038123
2.189638
3.069404
2.541544
2.233627
1.945259
1.862170
1.832845
1.827957
1.837732
1.764418
1.725318
1.666667
1.666667
1.871945
1.901271
2.409580
2.766373
2.360704
2.091887
2.028348
1.896383
1.652004
1.568915
1.622678
1.627566
1.700880
1.686217
1.779081
1.774194
1.876833
2.609971
2.502444
2.297165
2.086999
1.774194
1.691105
1.549365
1.593353
1.598240
1.642229
1.647116
1.627566
1.622678
1.505376
1.749756
2.761486
2.370479
2.096774
1.994135
1.911046
1.974585
1.686217
1.593353
1.583578
1.612903
1.691105
1.661779
2.028348
1.793744
2.829912
3.128055
2.492669
2.130987
1.857283
1.744868
1.720430
1.642229
1.642229
1.705767
1.612903
1.661779
2.214076
2.551320
2.644184
2.551320
2.126100
2.013685
1.950147
1.852395
1.769306
1.617791
1.666667
1.671554
1.652004
1.661779
1.945259
2.624633
2.443793
2.917889
2.517107
2.023460
1.725318
1.803519
1.935484
1.730205
1.642229
1.612903
1.544477
1.529814
1.568915
1.637341
1.891496
2.766373
3.269795
2.590420
2.380254
1.959922
1.744868
1.573803
1.510264
1.456500
1.500489
1.529814
1.583578
1.661779
1.725318
1.671554
1.940371
2.008798
2.341153
2.238514
2.082111
1.798631
1.647116
1.656891
1.642229
1.632454
1.617791
1.720430
1.632454
1.573803
1.446725
1.691105
2.336266
3.284457
2.952102
2.478006
2.214076
2.062561
1.881720
1.608016
1.515152
1.476051
1.529814
1.524927
1.666667
1.666667
2.360704
3.440860
3.088954
2.570870
2.194526
1.759531
1.691105
1.554252
1.471163
1.451613
1.715543
1.695992
1.608016
1.632454
2.033236
2.057674
1.867058
1.911046
1.744868
1.632454
1.603128
1.549365
1.564027
1.505376
1.392962
1.417400
1.353861
1.378299
1.378299
1.334311
1.637341
1.793744
1.876833
2.653959
2.409580
2.091887
1.818182
1.695992
1.642229
1.495601
1.451613
1.515152
1.544477
1.554252
1.529814
1.539589
1.735093
1.598240
1.827957
1.852395
1.906158
1.823069
1.793744
1.744868
1.759531
1.583578
1.476051
1.427175
1.407625
1.407625
1.378299
1.441838
1.471163
1.466276
1.808407
1.930596
1.813294
1.769306
1.485826
1.334311
1.383187
1.476051
1.412512
1.383187
1.329423
1.529814
1.564027
1.480938
1.510264
2.101662
2.140762
2.277615
2.174976
1.969697
1.911046
1.622678
1.451613
1.348974
1.304985
1.334311
1.388074
1.397849
1.407625
1.603128
1.422287
1.471163
2.184751
2.258065
2.233627
1.715543
1.617791
1.495601
1.485826
1.441838
1.446725
1.554252
1.578690
1.554252
1.549365
1.842620
2.287390
2.619746
3.743891
2.741935
2.223851
1.847507
1.632454
1.544477
1.652004
1.759531
1.739980
1.671554
1.598240
1.520039
1.402737
1.500489
1.681329
1.837732
1.637341
1.681329
1.534702
1.471163
1.500489
1.480938
1.573803
1.476051
1.524927
1.573803
1.823069
1.862170
2.839687
2.546432
1.999022
1.837732
1.588465
1.549365
1.593353
1.544477
1.524927
1.451613
1.417400
1.485826
1.520039
1.485826
1.588465
1.700880
1.710655
1.642229
1.881720
2.184751
1.959922
1.979472
1.911046
1.749756
1.554252
1.524927
1.495601
1.622678
1.612903
1.622678
1.700880
1.603128
1.598240
1.554252
1.744868
2.360704
2.311828
2.033236
1.935484
1.749756
1.612903
1.573803
1.564027
1.691105
1.915934
1.779081
1.695992
1.608016
1.661779
1.617791
1.935484
2.458456
2.003910
1.583578
1.676442
1.652004
1.608016
1.593353
1.603128
1.544477
1.480938
1.417400
1.510264
1.500489
1.539589
1.676442
1.705767
1.612903
1.852395
1.632454
1.559140
1.769306
1.588465
1.451613
1.461388
1.515152
1.588465
1.559140
1.529814
1.559140
1.471163
1.471163
1.480938
1.549365
1.500489
1.515152
1.622678
1.920821
1.871945
2.082111
2.111437
1.901271
1.862170
1.725318
1.583578
1.632454
1.515152
1.524927
1.500489
1.471163
1.461388
1.485826
1.524927
1.573803
1.559140
1.568915
1.730205
1.666667
1.837732
1.779081
1.656891
1.915934
2.130987
2.028348
1.774194
1.593353
1.534702
1.495601
1.524927
1.480938
1.436950
1.578690
1.456500
1.392962
1.534702
1.520039
1.568915
1.700880
1.608016
1.754643
1.935484
1.813294
1.695992
1.520039
1.397849
1.344086
1.304985
1.378299
1.368524
1.392962
1.388074
1.466276
1.529814
1.524927
1.485826
1.744868
1.691105
2.292278
2.150538
2.394917
1.911046
1.862170
1.686217
1.524927
1.500489
1.422287
1.471163
1.476051
1.402737
1.461388
1.456500
1.500489
1.436950
1.549365
1.549365
1.837732
1.827957
2.008798
1.896383
2.140762
1.744868
1.627566
1.695992
1.695992
1.754643
1.612903
1.554252
1.520039
1.471163
1.422287
1.407625
1.520039
1.578690
1.461388
1.466276
1.774194
1.593353
1.876833
1.598240
1.823069
1.852395
1.793744
1.617791
1.471163
1.666667
1.730205
1.544477
1.461388
1.466276
1.427175
1.505376
1.441838
1.412512
1.353861
1.363636
1.392962
1.617791
1.847507
1.950147
2.008798
1.823069
1.691105
2.072336
1.813294
1.593353
1.564027
1.754643
1.608016
1.480938
1.422287
1.417400
1.383187
1.368524
1.285435
1.436950
1.446725
1.505376
1.480938
1.436950
1.480938
1.632454
1.495601
1.568915
1.520039
1.549365
1.588465
1.485826
1.622678
1.632454
1.534702
1.417400
1.373412
1.348974
1.358749
1.353861
1.392962
1.417400
1.417400
1.378299
1.539589
1.476051
1.578690
1.407625
1.549365
1.676442
1.564027
1.891496
1.681329
1.480938
1.617791
1.622678
1.432063
1.348974
1.314761
1.309873
1.373412
1.339198
1.476051
1.588465
1.666667
1.559140
1.622678
1.495601
1.564027
1.666667
1.788856
1.803519
1.808407
1.715543