0.684262
0.679374
0.713587
0.708700
0.698925
0.708700
0.703812
0.708700
0.694037
0.674487
0.698925
0.694037
0.669599
0.674487
0.674487
0.684262
0.684262
0.689150
0.679374
0.674487
0.659824
0.659824
0.679374
0.679374
0.674487
0.679374
0.698925
0.679374
0.684262
0.703812
0.703812
0.772239
0.791789
0.830890
0.865103
0.884653
0.830890
0.826002
0.840665
0.806452
0.869990
0.796676
0.772239
0.796676
0.738025
0.723363
0.723363
0.728250
0.723363
0.713587
0.664712
0.689150
0.791789
0.889541
0.786901
0.762463
0.777126
0.889541
0.855327
0.786901
0.860215
0.747801
0.713587
0.738025
0.708700
0.742913
0.733138
0.742913
0.703812
0.782014
0.777126
0.742913
0.782014
0.723363
0.684262
0.757576
0.684262
0.694037
0.669599
0.674487
0.654936
0.630499
0.708700
0.703812
0.674487
0.669599
0.630499
0.713587
0.733138
0.684262
0.723363
0.884653
1.045943
0.874878
0.860215
0.821114
1.275660
1.202346
1.109482
1.231672
1.578690
1.783969
1.935484
2.346041
2.805474
3.929619
4.081134
4.374389
4.506354
4.345064
4.105572
3.387097
2.287390
1.564027
1.187683
1.041056
1.036168
1.124145
1.197458
1.251222
1.265885
1.295210
1.309873
1.353861
1.290323
1.304985
1.226784
1.163245
1.080156
1.065494
1.016618
1.065494
1.300098
1.256109
1.153470
1.202346
1.129032
0.923754
1.085044
1.217009
1.456500
1.480938
2.243402
2.370479
3.929619
4.330401
4.770283
4.770283
4.775171
4.770283
4.491691
3.582600
2.316716
1.588465
1.280547
1.295210
1.373412
1.466276
1.446725
1.564027
1.700880
1.818182
1.959922
1.891496
1.857283
1.823069
1.779081
1.700880
1.642229
1.480938
1.422287
1.363636
1.270772
1.212121
1.177908
1.129032
1.085044
1.065494
1.124145
1.026393
1.070381
1.344086
1.324536
1.759531
2.003910
2.209189
2.565982
3.499511
3.734115
4.393939
4.770283
4.706745
4.354839
3.611926
2.663734
1.793744
1.710655
1.852395
2.052786
2.179863
2.277615
2.302053
2.238514
2.297165
2.204301
2.082111
1.989247
1.837732
1.647116
1.534702
1.480938
1.397849
1.300098
1.143695
1.041056
0.982405
0.992180
1.026393
0.850440
0.845552
0.791789
0.845552
0.835777
0.782014
0.791789
0.918866
0.884653
0.742913
0.782014
0.752688
0.757576
0.767351
0.742913
0.742913
0.762463
0.835777
0.835777
0.957967
1.050831
1.212121
1.275660
1.544477
1.417400
1.920821
2.018573
2.223851
3.396872
4.154448
4.780059
4.775171
4.770283
4.775171
4.770283
4.775171
4.775171
4.770283
4.770283
4.775171
4.736070
3.582600
2.575758
1.842620
1.402737
1.114370
1.168133
1.397849
1.534702
1.950147
2.077224
2.302053
2.434018
2.649071
2.688172
2.756598
2.751711
2.761486
2.746823
2.702835
2.639296
2.551320
2.458456
2.453568
2.434018
2.360704
2.282502
2.233627
2.052786
1.974585
1.827957
1.720430
1.715543
1.529814
1.446725
1.422287
1.329423
1.270772
1.260997
1.217009
1.260997
1.177908
1.265885
1.319648
1.392962
1.334311
1.378299
1.334311
1.427175
1.344086
1.392962
1.270772
1.378299
1.637341
2.424242
3.196481
4.535679
4.770283
4.770283
4.775171
4.770283
4.770283
4.775171
4.770283
4.437928
2.781036
2.101662
2.365591
2.898338
3.211144
3.577713
3.763441
3.895406
4.071359
3.924731
3.826979
3.582600
3.445748
3.284457
3.157380
2.927664
2.790811
2.561095
2.321603
2.145650
1.925709
1.779081
1.593353
1.417400
1.295210
1.207234
1.124145
0.957967
0.889541
0.845552
0.826002
0.865103
0.747801
0.811339
0.782014
0.791789
0.762463
0.703812
0.708700
0.811339
0.869990
0.791789
0.909091
0.865103
0.835777
0.826002
0.865103
1.021505
1.226784
1.080156
1.207234
1.236559
1.529814
1.920821
2.145650
3.005865
4.467253
4.775171
4.775171
4.780059
4.770283
4.770283
4.770283
4.775171
3.988270
2.478006
2.209189
2.815249
3.489736
3.856305
4.164223
4.183773
4.120235
4.076246
3.778104
3.514174
3.279570
2.966764
2.590420
2.394917
2.043011
1.754643
1.539589
1.402737
1.265885
1.202346
1.050831
0.982405
0.840665
0.830890
0.801564
0.733138
0.747801
0.723363
0.689150
0.669599
0.664712
0.733138
0.703812
0.703812
0.625611
0.674487
0.684262
0.630499
0.689150
0.708700
0.713587
0.645161
0.650049
0.708700
0.762463
0.713587
0.698925
0.684262
0.865103
0.938416
1.055718
1.114370
1.212121
1.119257
1.133920
1.290323
1.412512
1.793744
2.302053
2.864125
4.594330
4.775171
4.775171
4.770283
4.775171
4.770283
4.775171
4.770283
4.770283
4.775171
3.201369
2.390029
2.844575
3.514174
4.130010
4.501466
4.711632
4.775171
4.711632
4.555230
4.330401
3.910068
3.621701
3.328446
2.971652
2.678397
2.424242
2.287390
2.174976
2.101662
1.788856
1.666667
1.485826
1.329423
1.182796
1.094819
1.016618
0.913978
0.845552
0.742913
0.698925
0.689150
0.811339
0.738025
0.728250
0.738025
0.738025
0.762463
0.738025
0.767351
0.816227
0.816227
0.840665
0.796676
0.777126
0.806452
0.860215
0.943304
1.226784
1.070381
0.997067
1.070381
1.324536
1.588465
1.999022
2.805474
4.516129
4.780059
4.770283
4.775171
4.770283
4.770283
4.770283
4.770283
4.770283
4.775171
3.988270
2.541544
2.595308
3.040078
3.567937
3.998045
4.237537
4.330401
4.389052
4.325513
4.183773
4.022483
3.792766
3.729228
3.440860
3.264907
3.064516
2.893451
2.663734
2.443793
2.233627
2.038123
1.783969
1.671554
1.549365
1.368524
1.217009
1.089932
0.982405
0.948192
0.928641
0.826002
0.835777
0.879765
0.772239
0.830890
0.879765
0.806452
0.801564
0.757576
0.752688
0.757576
0.835777
0.772239
0.845552
1.006843
0.953079
1.075269
1.324536
1.060606
1.197458
1.270772
2.003910
3.582600
4.775171
4.770283
4.770283
4.775171
4.770283
4.770283
4.193548
2.512219
2.160313
2.702835
3.308895
3.543500
3.616813
3.528837
3.294233
3.020528
2.795699
2.517107
2.223851
1.974585
1.735093
1.520039
1.368524
1.202346
1.109482
0.943304
0.972630
0.889541
0.786901
0.860215
0.777126
0.747801
0.728250
0.703812
0.694037
0.747801
0.762463
0.698925
0.689150
0.747801
0.850440
0.816227
0.826002
0.816227
0.806452
0.816227
0.865103
0.913978
0.982405
1.177908
1.314761
1.549365
1.392962
1.119257
1.060606
1.026393
1.006843
1.295210
1.246334
1.456500
2.018573
2.394917
2.487781
3.176931
2.942326
2.849462
2.815249
2.292278
1.920821
1.573803
1.221896
1.119257
1.309873
1.500489
1.549365
1.520039
1.539589
1.412512
1.353861
1.265885
1.256109
1.109482
1.031281
1.036168
1.011730
0.909091
0.840665
0.786901
0.772239
0.728250
0.713587
0.679374
0.694037
0.669599
0.752688
0.757576
0.742913
0.806452
0.742913
0.884653
0.816227
0.801564
0.806452
0.703812
0.933529
1.045943
0.889541
0.757576
0.923754
0.913978
1.060606
1.153470
1.295210
1.290323
1.397849
1.314761
1.441838
1.769306
2.297165
2.507331
2.644184
2.820137
2.634409
2.287390
1.915934
1.510264
1.187683
1.148583
1.241447
1.353861
1.402737
1.446725
1.417400
1.231672
1.260997
1.207234
1.094819
1.031281
0.987292
0.987292
0.938416
0.884653
0.806452
0.791789
0.865103
0.835777
0.796676
0.806452
0.806452
0.777126
0.767351
0.869990
0.830890
0.738025
0.811339
0.796676
0.850440
0.811339
0.840665
0.879765
0.987292
0.938416
0.977517
0.860215
0.904203
0.899316
0.904203
0.904203
1.129032
1.065494
0.821114
0.821114
0.860215
0.835777
0.933529
1.031281
1.182796
1.422287
1.407625
1.480938
1.456500
1.241447
1.256109
1.290323
1.099707
1.246334
1.016618
1.080156
0.913978
0.899316
0.821114
0.850440
0.904203
0.786901
0.742913
0.777126
0.796676
0.782014
0.757576
0.728250
0.777126
0.747801
0.689150
0.742913
0.713587
0.723363
0.723363
0.669599
0.689150
0.713587
0.713587
0.718475
0.723363
0.708700
0.698925
0.728250
0.703812
0.742913
0.723363
0.718475
0.679374
0.689150
0.733138
0.747801
0.933529
0.860215
0.894428
0.845552
0.918866
0.772239
0.909091
0.884653
1.006843
1.070381
1.104594
1.016618
1.006843
0.889541
0.918866
1.114370
1.324536
1.080156
0.982405
1.226784
2.375367
2.854350
2.878788
3.020528
2.976540
2.849462
2.600196
1.999022
1.456500
1.339198
1.583578
1.647116
1.739980
1.793744
1.700880
1.671554
1.568915
1.451613
1.388074
1.260997
1.163245
1.089932
0.972630
0.923754
0.894428
0.884653
0.850440
0.845552
0.840665
0.772239
0.723363
0.777126
0.718475
0.742913
0.689150
0.762463
0.728250
0.747801
0.703812
0.796676
0.772239
0.733138
0.806452
0.767351
0.840665
0.777126
0.777126
0.791789
1.001955
1.089932
1.124145
1.256109
1.495601
1.368524
1.212121
1.173021
0.845552
1.026393
0.904203
0.953079
1.510264
1.392962
1.627566
1.964809
2.487781
2.585533
2.697947
2.820137
2.732160
2.463343
1.940371
1.314761
1.314761
1.407625
1.608016
1.617791
1.529814
1.539589
1.422287
1.285435
1.285435
1.143695
1.109482
0.997067
0.977517
0.918866
0.855327
0.826002
0.718475
0.703812
0.703812
0.679374
0.723363
0.723363
0.718475
0.703812
0.679374
0.728250
0.723363
0.679374
0.664712
0.742913
0.747801
0.757576
0.811339
0.782014
0.777126
0.806452
0.811339
0.923754
0.904203
0.953079
0.826002
0.938416
0.933529
0.977517
0.933529
0.913978
1.070381
1.173021
1.065494
1.373412
1.226784
1.153470
1.353861
1.524927
1.994135
1.813294
1.593353
1.344086
1.109482
0.992180
0.938416
0.889541
0.962854
0.918866
0.938416
0.894428
0.977517
0.840665
0.904203
0.830890
0.816227
0.742913
0.782014
0.747801
0.713587
0.728250
0.835777
0.747801
0.786901
0.830890
0.738025
0.708700
0.733138
0.718475
0.728250
0.767351
0.747801
0.723363
0.728250
0.767351
0.840665
0.826002
0.826002
0.777126
0.835777
0.933529
0.962854
0.962854
0.884653
0.997067
0.962854
1.231672
1.217009
1.671554
2.316716
2.434018
3.157380
2.751711
2.468231
2.033236
1.593353
1.329423
1.466276
1.402737
1.339198
1.358749
1.246334
1.309873
1.177908
1.217009
1.041056
1.041056
0.938416
1.060606
0.938416
1.045943
0.909091
0.811339
0.772239
0.977517
0.865103
0.816227
0.757576
0.762463
0.816227
0.718475
0.733138
0.738025
0.777126
0.757576
0.830890
0.845552
0.757576
0.806452
0.904203
0.977517
0.826002
0.718475
0.889541
0.816227
0.967742
1.011730
1.197458
1.319648
1.783969
2.130987
2.961877
3.196481
3.509286
3.279570
2.673509
1.764418
1.456500
1.564027
1.730205
1.735093
1.813294
1.652004
1.656891
1.490714
1.383187
1.256109
1.153470
1.094819
0.982405
0.899316
0.899316
0.913978
0.850440
0.777126
0.708700
0.811339
0.738025
0.742913
0.816227
0.826002
0.845552
0.909091
0.757576
0.767351
0.894428
0.967742
0.845552
0.948192
0.992180
1.089932
1.148583
0.992180
0.904203
0.957967
1.075269
1.358749
1.769306
2.521994
3.304008
3.460411
3.382209
2.947214
2.253177
1.500489
1.559140
1.495601
1.671554
1.539589
1.549365
1.471163
1.378299
1.256109
1.119257
1.089932
0.962854
0.967742
0.879765
0.830890
0.772239
0.752688
0.777126
0.684262
0.698925
0.635386
0.698925
0.630499
0.640274
0.718475
0.630499
0.635386
0.689150
0.684262
0.713587
0.742913
0.786901
0.913978
0.860215
1.031281
0.855327
0.889541
0.967742
1.085044
1.324536
1.666667
2.702835
3.396872
3.577713
3.626588
3.665689
3.010753
2.170088
1.754643
1.969697
2.121212
2.482893
2.306940
2.326491
2.179863
2.072336
1.974585
1.715543
1.539589
1.392962
1.314761
1.246334
1.124145
1.050831
1.001955
0.928641
0.904203
1.119257
0.865103
0.977517
0.997067
0.972630
1.021505
0.962854
0.982405
0.913978