1.109482
1.212121
1.285435
1.221896
1.202346
1.187683
1.065494
1.041056
1.065494
1.055718
1.075269
1.085044
1.217009
1.285435
1.168133
1.075269
1.050831
1.036168
1.221896
1.187683
1.221896
1.104594
1.221896
1.368524
1.212121
1.119257
1.119257
1.099707
1.163245
1.089932
1.114370
1.085044
1.094819
1.099707
1.158358
1.089932
1.143695
1.319648
1.353861
1.564027
1.652004
2.673509
2.375367
3.914956
4.765396
4.770283
4.770283
4.765396
4.770283
4.770283
4.765396
1.182796
4.765396
4.765396
4.765396
4.765396
4.770283
4.765396
4.765396
4.770283
4.770283
4.765396
4.755621
3.655914
2.737048
2.067449
1.832845
1.554252
1.329423
1.368524
1.647116
1.886608
2.126100
2.385142
2.624633
2.834800
3.074291
3.142717
3.284457
3.475073
3.572825
3.582600
3.743891
3.680352
3.719453
3.880743
4.037146
4.310850
4.345064
3.939394
3.807429
3.607038
3.553275
3.367546
3.225806
3.323558
3.220919
3.216031
3.181818
3.147605
3.098729
2.952102
2.800587
2.707722
2.575758
2.507331
2.326491
2.218964
2.145650
2.130987
2.091887
2.013685
1.979472
1.930596
1.871945
1.808407
1.739980
1.764418
1.774194
1.666667
1.510264
1.432063
1.334311
1.309873
1.241447
1.300098
1.422287
1.256109
1.129032
1.016618
1.099707
1.217009
1.124145
1.099707
0.977517
0.992180
0.972630
0.918866
0.987292
1.070381
1.085044
1.085044
1.050831
1.055718
1.011730
0.992180
1.055718
1.568915
1.705767
1.539589
1.647116
1.461388
1.461388
2.517107
3.978495
4.354839
3.450635
2.267840
1.681329
1.490714
1.505376
1.397849
1.353861
1.319648
1.378299
1.368524
1.260997
1.304985
1.285435
1.617791
1.578690
1.720430
1.348974
1.207234
1.334311
1.212121
1.143695
1.085044
1.011730
1.089932
1.055718
0.992180
1.153470
1.231672
1.065494
1.295210
1.759531
1.896383
2.424242
4.002933
4.608993
4.090909
3.299120
2.077224
1.427175
1.348974
1.446725
1.309873
1.319648
1.358749
1.339198
1.344086
1.329423
1.378299
1.671554
1.554252
1.368524
1.265885
1.314761
1.153470
1.202346
1.251222
1.148583
1.080156
1.011730
1.138807
1.016618
1.197458
1.480938
1.226784
1.148583
1.383187
1.275660
1.637341
3.044966
3.274682
4.037146
3.352884
2.512219
1.808407
1.808407
1.823069
1.608016
1.549365
1.344086
1.221896
1.202346
1.148583
1.197458
1.329423
1.231672
1.099707
0.972630
0.992180
1.119257
0.992180
0.928641
1.006843
0.943304
0.992180
1.001955
1.026393
0.923754
0.972630
0.943304
0.967742
1.119257
1.275660
2.189638
3.607038
3.572825
3.954057
3.504399
2.478006
1.803519
1.583578
1.583578
1.593353
1.539589
1.490714
1.407625
1.319648
1.207234
1.290323
1.187683
1.163245
1.114370
1.021505
1.080156
1.006843
1.016618
1.173021
1.153470
1.085044
0.899316
0.869990
0.972630
0.899316
1.070381
1.001955
1.089932
1.158358
1.065494
1.041056
1.036168
2.047898
2.697947
3.343109
3.695015
3.582600
2.903226
1.837732
1.427175
1.441838
1.510264
1.217009
1.109482
1.065494
0.992180
0.987292
1.065494
1.094819
1.089932
1.026393
1.050831
1.114370
1.011730
1.055718
1.001955
1.060606
1.070381
1.016618
1.016618
1.036168
1.158358
1.285435
1.133920
1.168133
1.182796
1.735093
2.223851
3.499511
4.623656
4.589443
4.261975
3.162268
2.204301
1.705767
1.622678
1.681329
1.617791
1.549365
1.593353
1.505376
1.500489
1.392962
1.554252
1.617791
1.549365
1.534702
1.461388
1.173021
1.045943
0.992180
0.972630
1.011730
0.953079
0.933529
1.050831
1.075269
1.231672
1.133920
1.300098
1.803519
2.424242
2.331378
2.893451
3.572825
2.546432
1.715543
1.383187
1.251222
1.197458
1.265885
1.236559
1.099707
1.089932
1.075269
1.055718
1.050831
1.055718
1.065494
0.992180
1.001955
0.933529
0.913978
1.021505
1.094819
1.153470
1.207234
1.256109
1.075269
1.041056
0.923754
0.997067
1.529814
2.243402
2.864125
4.594330
4.745846
3.880743
2.624633
1.906158
1.515152
1.300098
1.290323
1.256109
1.363636
1.544477
1.637341
1.515152
1.485826
1.378299
1.260997
1.036168
1.045943
0.982405
1.060606
1.060606
1.104594
1.045943
1.021505
1.026393
1.036168
1.207234
1.358749
1.480938
2.360704
4.037146
4.770283
3.885630
3.489736
2.942326
1.945259
1.368524
1.168133
1.055718
1.041056
0.977517
1.041056
1.001955
0.972630
0.987292
1.031281
1.011730
0.962854
0.899316
0.948192
0.977517
1.001955
1.041056
1.041056
1.226784
1.774194
1.647116
1.564027
1.300098
1.495601
2.394917
3.172043
2.986315
3.308895
3.318671
2.702835
1.881720
1.407625
1.295210
1.319648
1.314761
1.500489
1.402737
1.309873
1.085044
1.001955
0.957967
0.938416
1.119257
1.060606
0.987292
0.977517
1.202346
1.358749
1.177908
1.441838
1.446725
1.940371
2.091887
2.932551
4.511241
4.765396
4.628543
3.484848
2.174976
1.661779
1.495601
1.529814
1.559140
1.842620
1.935484
1.774194
1.622678
1.505376
1.427175
1.339198
1.344086
1.212121
1.177908
1.246334
1.202346
1.099707
1.212121
1.466276
1.397849
1.402737
1.397849
2.082111
2.091887
2.961877
4.740958
4.364614
3.352884
2.350929
1.666667
1.495601
1.500489
1.471163
1.392962
1.568915
1.691105
1.754643
1.480938
1.358749
1.314761
1.153470
1.217009
1.202346
1.158358
1.153470
1.060606
1.358749
1.461388
1.480938
1.539589
2.028348
2.541544
3.651026
3.597263
3.787879
3.157380
2.145650
1.578690
1.407625
1.329423
1.290323
1.153470
1.089932
1.182796
1.124145
1.104594
1.016618
1.055718
0.997067
1.217009
1.246334
1.265885
1.089932
1.104594
1.129032
1.275660
1.480938
1.842620
1.915934
2.526882
3.401760
3.421310
2.639296
1.793744
1.495601
1.344086
1.265885
1.236559
1.133920
1.119257
1.207234
1.427175
1.319648
1.256109
1.344086
1.446725
1.407625
1.182796
1.168133
1.041056
1.041056
1.094819
1.050831
1.143695
1.344086
1.720430
2.463343
3.093842
4.608993
4.765396
4.765396
4.208211
2.614858
1.911046
1.632454
1.534702
1.412512
1.319648
1.392962
1.344086
1.485826
1.392962
1.544477
1.568915
1.568915
1.427175
1.295210
1.207234
1.402737
1.676442
1.857283
2.521994
2.541544
2.991202
2.375367
1.720430
1.388074
1.221896
1.138807
1.085044
1.089932
1.226784
1.143695
1.089932
1.055718
1.006843
0.948192
0.962854
1.016618
1.001955
1.226784
1.256109
1.309873
1.353861
1.896383
2.189638
3.279570
4.090909
4.770283
4.149560
3.172043
2.179863
1.544477
1.573803
1.436950
1.446725
1.549365
1.378299
1.363636
1.334311
1.226784
1.124145
1.104594
1.109482
1.168133
1.158358
1.168133
1.617791
1.642229
1.358749
1.246334
1.153470
1.598240
2.238514
2.727273
4.726295
4.770283
4.770283
3.978495
2.658847
2.096774
2.038123
2.106549
1.881720
1.881720
1.779081
1.622678
1.705767
1.559140
1.720430
1.920821
1.573803
1.466276
1.383187
1.300098
1.290323
1.231672
1.197458
1.133920
1.363636
1.436950
2.043011
3.015640
4.433040
4.550342
3.944282
3.074291
2.028348
1.485826
1.436950
1.578690
1.827957
1.759531
1.632454
1.520039
1.466276
1.451613
1.368524
1.402737
1.324536
1.280547
1.197458
1.290323
1.192571
1.158358
1.168133
1.036168
0.997067
1.441838
3.362659
3.475073
4.100684
4.193548
3.049853
2.047898
1.539589
1.378299
1.280547
1.226784
1.334311
1.270772
1.158358
1.119257
1.114370
1.138807
1.182796
1.080156
1.094819
1.104594
0.997067
0.962854
0.928641
1.036168
1.104594
1.456500
1.397849
1.182796
1.466276
1.891496
2.218964
2.717498
2.820137
1.984360
1.686217
1.510264
1.373412
1.192571
1.114370
1.026393
0.982405
1.031281
0.992180
1.070381
1.041056
1.133920
1.221896
1.397849
1.270772
1.080156
1.050831
0.997067
1.031281
1.300098
1.339198
1.295210
1.940371
2.184751
2.502444
4.061584
4.071359
3.318671
2.360704
1.603128
1.402737
1.329423
1.285435
1.368524
1.598240
1.446725
1.461388
1.280547
1.217009
1.163245
1.153470
1.153470
1.192571
1.143695
1.050831
1.075269
0.982405
0.982405
1.011730
1.182796
1.876833
2.189638
2.551320
4.071359
3.817204
2.849462
2.238514
1.661779
1.334311
1.314761
1.671554
1.705767
1.549365
1.339198
1.187683
1.226784
1.124145
1.251222
1.138807
1.202346
1.251222
1.148583
1.402737
1.397849
2.033236
2.375367
2.326491
2.898338
2.678397
2.223851
1.666667
1.383187
1.182796
1.275660
1.153470
1.236559
1.080156
1.075269
1.031281
1.016618
1.192571
1.094819
1.212121
1.109482
1.089932
0.997067
1.060606
1.055718
1.231672
1.334311
1.309873
1.353861
1.402737
2.370479
2.497556
3.118280
3.289345
2.517107
1.862170
1.588465
1.246334
1.148583
1.148583
1.099707
1.246334
1.163245
1.070381
1.041056
1.124145
1.236559
1.280547
1.339198
1.285435
1.217009
1.265885
1.221896
1.290323
1.319648
1.251222
1.451613
1.720430
2.018573
2.673509
4.012708
3.782991
3.103617
2.077224
1.642229
1.402737
1.461388
1.388074
1.539589
1.627566
1.612903
1.412512
1.368524
1.207234
1.133920
1.060606
1.016618
1.085044
1.089932
1.187683
1.451613
1.412512
1.397849
1.397849
1.647116
1.593353
1.715543
2.463343
3.934506
4.457478
3.695015
2.609971
1.862170
1.397849
1.285435
1.422287
1.422287
1.392962
1.324536
1.173021
1.241447
1.207234
1.148583
1.133920
1.094819
1.129032
1.304985
1.392962
1.476051
1.153470
1.036168
1.207234
1.285435
1.520039
1.564027
1.837732
1.652004
2.394917
4.545455
4.745846
4.002933
3.040078
1.974585
1.476051
1.251222
1.187683
1.295210
1.329423
1.309873
1.348974
1.329423
1.265885
1.251222
1.534702
1.632454
1.588465
1.476051
1.236559
1.309873
1.304985
1.363636
1.246334
1.138807
1.246334
1.231672
1.974585
2.561095
3.812317
4.770283
4.770283
4.433040
2.981427
2.052786
1.612903
1.529814
1.627566
2.003910
1.999022
1.617791
1.568915
1.485826
1.661779
1.666667
1.373412
1.529814
1.779081
2.507331
2.341153
1.935484
2.165200
3.377322
3.132942
2.903226
3.470186
2.893451
1.901271
1.564027
1.593353
1.485826
1.212121
1.094819
0.987292
0.982405
0.953079
1.031281
0.977517
1.089932
0.972630
1.001955
1.085044
1.021505
1.085044
1.256109
1.300098
1.280547
1.358749
1.559140
1.490714
1.700880
2.023460
2.453568
3.128055
4.345064
4.501466
3.572825
2.717498
1.915934
1.544477
1.383187
1.451613
1.427175
1.520039
1.500489
1.485826
1.549365
1.397849
1.334311
1.324536
1.334311
1.309873
1.324536
1.436950
1.202346
1.104594
1.060606
1.041056
1.109482
1.226784
2.448680
2.722385
2.922776
3.885630
3.572825
2.707722
1.925709
1.559140
1.446725
1.353861
1.441838
1.304985
1.290323
1.241447
1.471163
1.319648
1.133920
1.045943
1.094819
1.006843
0.953079
1.006843
1.041056
1.104594
1.202346
1.138807
1.168133
1.187683
1.466276
1.901271
2.126100
2.561095
4.110459
3.958944
3.264907
2.390029
1.715543
1.363636
1.329423
1.324536
1.373412
1.520039
1.436950
1.334311
1.402737
1.363636
1.226784
1.480938
1.280547
1.485826
1.417400
1.324536
1.290323
1.334311
1.368524
1.363636
1.549365
1.842620
2.380254
2.658847
2.800587
2.370479
1.700880
1.275660
1.109482
1.251222
1.265885
1.221896
1.246334
1.070381
1.143695
1.065494
1.256109
1.138807
1.099707
1.041056
1.070381
1.021505
0.953079
1.055718
1.119257
1.207234
1.065494
1.143695
1.104594
1.094819
1.192571
1.568915
1.764418
2.130987
2.639296
3.113392
2.585533
1.793744
1.412512
1.221896
1.065494
0.992180
1.075269
1.065494
1.119257
1.187683
1.080156
1.153470
1.065494
1.041056
0.987292
1.026393
0.992180
1.050831
0.953079
1.348974