0.337243
0.347019
0.347019
0.351906
0.351906
0.351906
0.351906
0.356794
0.356794
0.351906
0.351906
0.342131
0.342131
0.342131
0.347019
0.351906
0.351906
0.351906
0.351906
0.351906
0.351906
0.351906
0.347019
0.347019
0.347019
0.351906
0.356794
0.356794
0.356794
0.351906
0.347019
0.347019
0.347019
0.347019
0.356794
0.351906
0.351906
0.361681
0.386119
0.420332
0.464321
0.410557
0.410557
0.469208
0.684262
0.664712
0.669599
0.855327
0.953079
1.026393
1.637341
2.047898
1.823069
1.099707
0.708700
0.522972
0.439883
0.488759
0.537634
0.483871
0.464321
0.449658
0.434995
0.454545
0.483871
0.552297
0.738025
0.840665
0.796676
1.334311
1.642229
1.862170
1.158358
0.762463
0.557185
0.498534
0.620723
0.762463
0.689150
0.581623
0.610948
0.630499
0.762463
1.314761
1.813294
1.906158
2.380254
1.754643
1.055718
0.713587
0.532747
0.454545
0.483871
0.752688
0.723363
0.625611
0.610948
0.738025
0.889541
0.806452
1.163245
1.133920
0.738025
0.747801
0.562072
0.464321
0.405670
0.415445
0.532747
0.650049
0.601173
0.557185
0.610948
0.694037
1.001955
1.177908
1.138807
1.241447
0.913978
0.654936
0.547410
0.454545
0.454545
0.674487
0.767351
0.718475
0.786901
0.806452
0.894428
1.109482
1.529814
1.876833
1.148583
1.212121
0.982405
0.684262
0.513196
0.444770
0.469208
0.884653
0.879765
0.674487
0.620723
0.689150
1.388074
2.199413
2.243402
2.521994
3.264907
2.805474
1.578690
1.500489
0.943304
0.640274
0.498534
0.498534
0.498534
0.542522
0.571848
0.782014
0.967742
0.933529
1.119257
1.348974
1.466276
2.737048
4.770283
3.685239
2.003910
1.221896
0.826002
0.782014
0.625611
0.562072
0.586510
0.601173
0.679374
0.757576
0.933529
1.133920
1.652004
3.475073
4.565005
2.952102
1.891496
1.109482
0.801564
0.645161
0.684262
0.772239
0.610948
0.650049
0.552297
0.591398
0.571848
1.099707
3.269795
4.242424
2.873900
1.847507
1.114370
0.718475
0.562072
0.566960
0.610948
0.635386
0.713587
0.635386
0.703812
0.689150
1.739980
2.961877
4.056696
3.768328
2.600196
1.446725
0.918866
0.698925
0.620723
0.752688
0.757576
0.601173
0.522972
0.454545
0.410557
0.381232
0.376344
0.371457
0.366569
0.371457
0.400782
0.386119
0.498534
0.845552
1.045943
1.348974
1.867058
1.197458
1.026393
0.738025
0.625611
0.527859
0.522972
0.518084
0.537634
0.635386
0.625611
0.493646
0.483871
0.488759
0.459433
0.425220
0.405670
0.395894
0.386119
0.381232
0.371457
0.371457
0.386119
0.601173
1.270772
1.769306
3.035191
2.595308
1.920821
1.187683
0.777126
0.630499
0.586510
0.513196
0.532747
0.503421
0.508309
0.552297
0.513196
0.454545
0.478983
0.503421
0.835777
1.016618
1.876833
2.262952
1.720430
1.075269
0.713587
0.527859
0.444770
0.454545
0.566960
0.777126
0.728250
0.625611
0.576735
0.630499
0.782014
1.368524
2.170088
1.906158
1.832845
1.129032
0.777126
0.664712
0.601173
0.571848
0.571848
0.811339
0.772239
0.625611
0.620723
0.723363
1.441838
1.979472
1.969697
1.397849
1.021505
0.767351
0.654936
0.581623
0.586510
0.723363
0.694037
0.698925
0.674487
0.562072
0.596285
0.689150
0.796676
2.013685
2.517107
2.326491
1.397849
0.894428
0.733138
0.782014
0.943304
0.786901
0.635386
0.591398
0.537634
0.459433
0.586510
0.591398
0.928641
2.072336
2.624633
2.492669
1.798631
1.143695
0.826002
0.713587
0.679374
0.596285
0.547410
0.518084
0.474096
0.483871
0.571848
0.982405
1.466276
2.292278
1.950147
1.490714
1.168133
0.913978
0.718475
0.669599
0.576735
0.659824
0.576735
0.664712
0.615836
0.601173
0.669599
0.821114
1.251222
1.417400
1.324536
1.094819
0.943304
0.728250
0.566960
0.542522
0.498534
0.913978
0.806452
0.684262
0.610948
0.674487
1.544477
2.174976
2.829912
1.798631
1.138807
0.728250
0.566960
0.557185
0.566960
0.547410
0.547410
0.513196
0.488759
0.469208
0.449658
0.830890
1.676442
3.538612
4.760508
2.702835
1.808407
1.094819
0.767351
0.669599
0.669599
0.845552
0.630499
0.498534
0.444770
0.464321
0.439883
0.483871
0.444770
0.425220
0.395894
0.376344
0.386119
0.395894
0.400782
0.405670
0.381232
0.425220
0.420332
0.439883
0.405670
0.391007
0.405670
0.381232
0.366569
0.366569
0.400782
0.410557
0.459433
0.425220
0.410557
0.410557
0.415445
0.400782
0.405670
0.430108
0.518084
1.241447
2.086999
1.842620
2.424242
1.524927
0.918866
0.625611
0.488759
0.806452
0.967742
0.923754
0.718475
0.596285
0.591398
0.679374
1.202346
1.578690
2.707722
2.086999
1.290323
0.816227
0.596285
0.650049
0.674487
0.552297
0.581623
0.483871
0.459433
0.434995
0.430108
0.420332
0.430108
0.391007
0.371457
0.449658
0.532747
0.454545
0.439883
0.552297
0.454545
0.395894
0.371457
0.703812
1.124145
1.495601
3.128055
1.779081
1.050831
0.689150
0.532747
0.469208
0.474096
0.645161
0.537634
0.571848
0.552297
0.454545
0.439883
0.439883
0.434995
0.420332
0.542522
0.835777
1.290323
1.867058
1.212121
0.796676
0.645161
0.498534
0.454545
0.542522
0.640274
0.669599
0.566960
0.596285
0.498534
0.483871
0.449658
0.449658
0.410557
0.474096
0.635386
1.016618
2.204301
4.775171
4.765396
4.574780
3.572825
1.979472
1.163245
0.821114
0.762463
0.923754
0.698925
0.586510
0.474096
0.459433
0.483871
0.454545
0.610948
0.659824
1.515152
1.867058
3.391984
3.372434
2.003910
1.231672
0.889541
0.733138
0.566960
0.571848
0.503421
0.527859
0.513196
0.547410
0.576735
0.522972
0.459433
0.434995
0.459433
0.444770
0.415445
0.420332
0.581623
0.874878
1.676442
3.005865
4.608993
2.927664
1.744868
1.041056
0.757576
0.938416
0.860215
0.679374
0.596285
0.493646
0.488759
0.434995
0.410557
0.537634
0.513196
0.493646
0.596285
1.676442
2.502444
3.704790
4.775171
2.947214
1.739980
1.036168
0.738025
0.762463
0.767351
0.694037
0.532747
0.474096
0.537634
0.488759
0.591398
0.645161
1.031281
1.085044
1.656891
4.090909
4.760508
3.856305
2.135875
1.226784
0.796676
0.899316
1.006843
0.977517
0.747801
0.669599
0.708700
1.192571
1.427175
2.463343
4.775171
4.765396
3.797654
2.526882
1.412512
0.889541
0.747801
0.650049
0.689150
0.747801
0.630499
0.503421
0.508309
0.483871
0.542522
0.434995
0.478983
0.430108
0.547410
1.065494
1.324536
1.173021
1.260997
0.977517
0.728250
0.664712
0.738025
0.679374
0.909091
0.757576
0.645161
0.645161
0.723363
0.953079
1.246334
1.036168
0.830890
0.674487
0.674487
0.615836
0.601173
0.518084
0.571848
0.576735
0.576735
0.571848
0.606061
1.324536
1.309873
1.231672
0.899316
0.630499
0.562072
0.493646
0.449658
0.513196
0.601173
0.474096
0.488759
0.562072
0.498534
0.630499
0.816227
0.718475
0.537634
0.542522
0.478983
0.459433
0.425220
0.425220
0.386119
0.405670
0.513196
0.566960
0.591398
0.694037
0.596285
0.478983
0.454545
0.410557
0.454545
0.498534
0.508309
0.430108
0.400782
0.493646
0.581623
0.782014
0.923754
0.752688
0.566960
0.830890
0.591398
0.469208
0.508309
0.625611
0.581623
0.708700
0.703812
0.591398
0.552297
0.713587
1.451613
3.440860
1.871945
1.099707
0.772239
0.581623
0.478983
0.542522
0.654936
0.601173
0.557185
0.498534
0.434995
0.444770
0.708700
1.417400
2.214076
3.304008
2.111437
1.510264
1.006843
0.723363
0.855327
1.041056
0.884653
0.718475
0.796676
0.943304
0.835777
0.777126
0.576735
0.840665
1.451613
4.217986
4.393939
3.435973
1.999022
1.304985
0.830890
0.659824
0.703812
0.811339
0.620723
0.742913
0.782014
1.583578
2.346041
4.310850
3.655914
2.727273
1.656891
1.065494
0.782014
0.576735
0.811339
1.045943
0.977517
0.845552
0.698925
0.752688
1.182796
1.661779
3.406647
3.084066
2.360704
2.150538
1.353861
1.045943
0.855327
0.645161
0.606061
0.615836
0.645161
0.557185
0.513196
0.483871
0.557185
0.513196
0.454545
0.430108
0.483871
0.434995
0.415445
0.459433
0.498534
0.508309
0.508309
0.449658
0.474096
0.454545
0.410557
0.395894
0.405670
0.552297
0.483871
0.459433
0.405670
0.581623
0.522972
0.581623
0.513196
0.503421
0.430108
0.684262
0.855327
2.096774
1.837732
1.153470
0.786901
0.933529
0.747801
0.547410
0.483871
0.444770
0.469208
0.547410
0.478983
0.503421
0.444770
0.439883
0.444770
0.943304
1.260997
1.857283
2.341153
2.429130
1.999022
2.306940
2.942326
2.262952
1.314761
0.933529
0.909091
1.114370
0.982405
0.777126
0.708700
0.689150
0.635386
0.645161
1.001955
1.456500
1.520039
2.346041
1.730205
2.521994
3.675464
2.776149
1.549365
1.021505
0.796676
0.772239
0.782014
0.850440
0.762463
0.674487
0.601173
0.547410
0.566960
0.581623
0.557185
0.508309
0.532747
0.542522
0.503421
0.503421
0.498534
0.503421
0.459433
0.474096
0.581623
0.933529
1.089932
1.114370
1.290323
1.050831
1.397849
2.302053
1.739980
1.388074
1.050831
0.796676
0.576735
0.483871
0.620723
0.962854
0.708700
0.601173
0.562072
0.454545
0.464321
0.449658
0.527859
0.723363
1.016618
1.173021
1.177908
1.554252
1.016618
1.153470
0.884653
0.625611
0.537634
0.444770
0.625611
0.816227
0.943304
0.698925
0.659824
0.586510
0.654936
0.913978
1.129032
1.969697
1.309873
1.129032
0.909091
0.684262
0.522972
0.469208
0.591398
1.080156
1.202346
1.026393
0.826002
0.684262
0.708700
0.689150
0.728250
0.630499
0.586510
0.723363
0.620723
0.669599
0.591398
0.694037
0.576735
0.596285
0.503421
0.518084
0.439883
0.542522
0.459433
0.566960
0.483871
0.527859
0.503421
0.459433
0.498534
0.542522
0.454545
0.439883
0.488759
0.459433
0.410557
0.449658
0.493646
0.576735
0.518084
0.483871
0.459433
0.405670
0.395894
0.454545
0.444770
0.527859
0.498534
0.459433
0.430108
0.405670
0.439883
0.425220
0.439883
0.542522
0.522972
0.547410
0.464321
0.586510
0.537634
0.508309
0.478983
0.469208
0.503421
0.459433
0.405670
0.391007
0.376344
0.410557
0.684262
1.104594
2.121212
2.121212
1.285435
0.840665
0.640274
0.537634
0.513196
0.669599
0.757576
0.562072
0.464321
0.459433
0.410557
0.478983
0.601173
0.601173
0.557185
0.483871
0.469208
0.562072
0.562072
0.464321
0.532747
0.552297
0.483871
0.420332
0.405670
0.410557
0.439883
0.434995
0.400782
0.410557
0.454545
1.505376
1.832845
2.644184
2.003910
1.177908
0.762463
0.689150
0.684262
0.669599
0.786901
0.640274
0.552297
0.503421
0.493646
0.513196
0.610948
0.542522
0.557185
0.508309
0.478983
0.606061
0.508309
0.464321
0.410557
0.464321
0.454545
0.508309
0.557185
0.542522
0.596285
0.654936
0.674487
0.576735
0.478983
0.430108
0.454545
0.405670
0.395894
0.483871
0.913978
1.769306
3.132942
3.245357
1.847507
1.089932
0.830890
0.767351
0.728250
0.669599
0.537634
0.547410
0.469208
0.493646
0.620723
0.777126
0.669599
0.689150
0.640274
0.708700
0.552297
0.498534
0.469208
0.503421
0.542522
0.518084
0.493646
0.474096
0.478983
0.425220
0.405670
0.400782
0.420332
0.596285
0.557185
0.591398
0.493646
0.498534
0.527859
0.449658
0.415445
0.410557
0.386119
0.464321
0.483871
0.454545
0.434995
0.434995
0.391007
0.371457
0.361681
0.356794
0.586510
1.182796
2.306940
2.135875
1.304985
0.855327
0.625611
0.498534
0.547410
0.669599
0.664712
0.581623
0.498534
0.430108
0.454545
0.449658
0.405670
0.542522
0.449658
0.425220
0.454545
0.425220
0.449658
0.430108
0.420332
0.405670
0.410557
0.425220
0.400782
0.420332
0.498534
0.532747
0.581623
0.591398
0.542522
0.474096
0.439883
0.405670
0.381232
0.381232
0.371457
0.381232
0.391007
0.425220
0.860215
1.500489
1.984360
1.735093
1.070381
0.811339
0.654936
0.601173
0.674487
0.610948
0.586510
0.591398
0.498534
0.591398
0.513196
0.488759
0.459433
0.459433
0.415445
0.483871
0.439883
0.508309
0.738025
0.581623
0.635386
0.615836
0.498534
0.439883
0.391007
0.430108
0.703812
1.783969
2.673509
2.781036