2.878788
3.025415
2.013685
1.260997
0.904203
0.728250
0.615836
0.513196
0.493646
0.562072
0.596285
0.601173
0.542522
0.454545
0.410557
0.391007
0.376344
0.405670
0.391007
0.391007
0.386119
0.376344
0.391007
0.381232
0.376344
0.366569
0.366569
0.371457
0.361681
0.366569
0.366569
0.400782
0.381232
0.366569
0.444770
0.430108
0.566960
0.547410
0.474096
0.576735
0.571848
0.689150
0.654936
0.874878
1.011730
1.749756
1.700880
1.388074
1.177908
0.786901
0.562072
0.464321
0.430108
0.425220
0.620723
0.816227
0.796676
0.987292
0.821114
0.698925
0.562072
0.518084
0.434995
0.391007
0.386119
0.371457
0.366569
0.376344
0.395894
0.557185
0.615836
0.586510
0.679374
0.786901
0.694037
0.522972
0.439883
0.400782
0.439883
0.405670
0.400782
0.454545
0.420332
0.395894
0.376344
0.356794
0.405670
0.381232
0.405670
0.405670
0.351906
0.351906
0.356794
0.356794
0.356794
0.356794
0.351906
0.356794
0.356794
0.356794
0.351906
0.356794
0.351906
0.351906
0.356794
0.351906
0.351906
0.351906
0.351906
0.351906
0.351906
0.327468
0.322581
0.332356
0.337243
0.342131
0.347019
0.347019
0.347019
0.347019
0.347019
0.347019
0.347019
0.347019
0.347019
0.347019
0.351906
0.351906
0.351906
0.351906
0.351906
0.347019
0.347019
0.347019
0.347019
0.347019
0.351906
0.351906
0.351906
0.351906
0.351906
0.351906
0.351906
0.347019
0.351906
0.347019
0.351906
0.342131
0.342131
0.337243
0.347019
0.347019
0.351906
0.351906
0.356794
0.356794
0.356794
0.356794
0.351906
0.356794
0.356794
0.356794
0.356794
0.356794
0.356794
0.356794
0.356794
0.356794
0.351906
0.351906
0.351906
0.351906
0.351906
0.351906
0.351906
0.351906
0.356794
0.356794
0.356794
0.356794
0.351906
0.351906
0.351906
0.351906
0.356794
0.356794
0.361681
0.361681
0.361681
0.361681
0.361681
0.356794
0.356794
0.356794
0.356794
0.356794
0.361681
0.361681
0.356794
0.356794
0.356794
0.356794
0.356794
0.356794
0.425220
0.405670
0.415445
0.386119
0.371457
0.361681
0.361681
0.356794
0.351906
0.351906
0.351906
0.351906
0.351906
0.351906
0.351906
0.351906
0.347019
0.342131
0.347019
0.342131
0.347019
0.332356
0.337243
0.347019
0.351906
0.347019
0.347019
0.347019
0.351906
0.351906
0.351906
0.351906
0.351906
0.347019
0.347019
0.347019
0.347019
0.351906
0.351906
0.356794
0.356794
0.351906
0.356794
0.356794
0.356794
0.356794
0.356794
0.356794
0.356794
0.361681
0.356794
0.356794
0.356794
0.356794
0.351906
0.351906
0.351906
0.351906
0.351906
0.347019
0.347019
0.347019
0.342131
0.342131
0.342131
0.342131
0.342131
0.347019
0.351906
0.351906
0.351906
0.351906
0.351906
0.351906
0.356794
0.351906
0.351906
0.356794
0.351906
0.386119
0.386119
0.439883
0.503421
0.791789
1.080156
1.397849
2.517107
2.306940
2.507331
2.419355
2.355816
2.150538
1.578690
1.041056
0.801564
0.664712
0.566960
0.552297
0.625611
0.488759
0.498534
0.464321
0.415445
0.434995
0.444770
0.586510
0.606061
1.109482
1.676442
2.209189
4.222874
4.477028
4.760508
3.558162
2.267840
1.358749
0.913978
0.738025
0.581623
0.596285
0.552297
0.498534
0.513196
0.439883
0.498534
0.459433
0.410557
0.381232
0.371457
0.371457
0.366569
0.376344
0.371457
0.381232
0.391007
0.366569
0.391007
0.395894
0.400782
0.381232
0.391007
0.381232
0.366569
0.400782
0.386119
0.376344
0.439883
0.527859
0.591398
0.669599
0.782014
2.966764
3.162268
2.517107
2.453568
2.399804
2.360704
1.886608
1.608016
1.045943
0.703812
0.537634
0.459433
0.478983
0.518084
0.566960
0.571848
0.601173
0.498534
0.498534
0.547410
0.566960
0.777126
1.280547
1.324536
1.534702
2.727273
3.216031
3.186706
2.023460
1.388074
0.899316
0.650049
0.552297
0.581623
0.562072
0.522972
0.557185
0.488759
0.469208
0.430108
0.430108
0.410557
0.386119
0.391007
0.381232
0.386119
0.400782
0.439883
0.415445
0.391007
0.425220
0.405670
0.434995
0.439883
0.459433
0.527859
0.474096
0.449658
0.464321
0.478983
0.439883
0.444770
1.119257
1.285435
1.725318
1.265885
0.948192
1.104594
0.948192
0.664712
0.571848
0.527859
0.522972
0.537634
0.532747
0.503421
0.557185
0.522972
0.474096
0.513196
0.469208
0.459433
0.454545
0.454545
0.400782
0.434995
0.415445
0.532747
0.557185
0.464321
0.434995
0.400782
0.400782
0.522972
0.542522
1.031281
1.231672
1.319648
1.823069
2.174976
1.823069
1.383187
0.967742
0.806452
0.640274
0.503421
0.542522
0.620723
0.674487
0.610948
0.542522
0.493646
0.459433
0.405670
0.430108
0.439883
0.410557
0.449658
0.420332
0.464321
0.430108
0.400782
0.415445
0.386119
0.381232
0.381232
0.459433
0.474096
0.478983
0.542522
0.826002
1.319648
2.321603
3.010753
3.641251
2.883675
1.915934
1.256109
0.943304
0.713587
0.557185
0.498534
0.518084
0.591398
0.650049
0.640274
0.586510
0.537634
0.483871
0.464321
0.410557
0.434995
0.434995
0.434995
0.425220
0.395894
0.420332
0.415445
0.405670
0.405670
0.391007
0.386119
0.557185
1.011730
1.324536
1.226784
1.798631
2.033236
1.656891
1.182796
0.957967
0.869990
0.703812
0.596285
0.562072
0.547410
0.566960
0.586510
0.581623
0.576735
0.498534
0.439883
0.434995
0.410557
0.405670
0.405670
0.391007
0.410557
0.391007
0.395894
0.434995
0.415445
0.430108
0.410557
0.420332
0.420332
0.420332
0.391007
0.381232
0.415445
0.420332
0.640274
1.392962
1.725318
2.380254
4.340176
3.299120
2.038123
1.412512
1.114370
0.806452
0.606061
0.630499
0.733138
0.747801
0.777126
0.650049
0.562072
0.518084
0.513196
0.454545
0.444770
0.444770
0.439883
0.522972
0.469208
0.434995
0.449658
0.444770
0.830890
0.909091
1.226784
2.346041
2.898338
2.297165
1.529814
1.173021
0.923754
0.718475
0.728250
0.606061
0.591398
0.591398
0.596285
0.532747
0.518084
0.469208
0.444770
0.454545
0.415445
0.586510
0.757576
1.197458
1.788856
1.524927
1.896383
1.720430
1.221896
0.953079
0.894428
0.845552
0.698925
0.635386
0.669599
0.606061
0.522972
0.493646
0.444770
0.449658
0.410557
0.410557
0.386119
0.400782
0.425220
0.391007
0.386119
0.366569
0.400782
0.469208
0.474096
0.425220
0.391007
0.400782
0.400782
0.381232
0.381232
0.381232
0.371457
0.391007
0.391007
0.371457
0.381232
0.391007
0.381232
0.478983
0.933529
1.158358
1.124145
1.021505
1.119257
1.124145
0.869990
0.654936
0.527859
0.576735
0.562072
0.630499
0.606061
0.552297
0.527859
0.478983
0.444770
0.454545
0.405670
0.469208
0.420332
0.425220
0.410557
0.405670
0.381232
0.361681
0.391007
0.405670
0.391007
0.410557
0.386119
0.434995
0.777126
1.197458
1.075269
1.265885
1.280547
1.173021
0.879765
0.767351
0.850440
0.796676
0.654936
0.513196
0.537634
0.518084
0.430108
0.444770
0.415445
0.464321
0.469208
0.415445
0.386119
0.537634
0.493646
0.444770
0.439883
0.478983
0.444770
0.459433
0.654936
0.918866
1.129032
1.578690
1.617791
1.256109
1.109482
2.253177
3.890518
3.743891
3.093842
3.778104
3.968719
2.375367
1.759531
1.119257
0.801564
0.640274
0.503421
0.483871
0.571848
0.679374
0.669599
0.718475
0.703812
0.606061
0.635386
0.635386
0.684262
0.850440
1.085044
1.520039
1.759531
2.091887
3.074291
2.815249
2.991202
3.773216
3.680352
2.908113
3.088954
3.304008
3.421310
3.084066
2.605083
2.614858
2.663734
2.536657
2.644184
3.172043
2.873900
2.350929
2.722385
3.362659
4.486804
4.755621
4.745846
4.760508
3.304008
1.955034
1.334311
0.992180
0.757576
0.606061
0.860215
0.953079
0.782014
0.645161
0.566960
0.542522
0.527859
0.478983
0.439883
0.415445
0.386119
0.542522
0.762463
0.938416
1.006843
0.923754
1.006843
1.520039
1.383187
1.544477
2.360704
2.590420
2.150538
1.837732
1.959922
1.832845
1.304985
1.075269
0.860215
0.747801
0.669599
0.610948
0.503421
0.640274
0.845552
1.045943
1.050831
0.977517
0.933529
1.031281
0.826002
1.060606
1.466276
1.798631
1.568915
1.407625
1.270772
1.818182
1.608016
1.251222
1.036168
0.913978
0.777126
0.635386
0.601173
0.782014
0.830890
0.772239
0.694037
0.654936
0.596285
0.527859
0.483871
0.478983
0.601173
0.894428
1.138807
1.246334
1.769306
1.544477
2.429130
2.194526
1.500489
1.031281
0.782014
0.659824
0.645161
0.796676
0.830890
0.850440
0.855327
0.865103
0.747801
0.703812
0.723363
0.791789
0.904203
1.207234
1.026393
1.451613
1.627566
1.744868
1.510264
1.309873
0.943304
0.855327
0.703812
0.664712
0.532747
0.474096
0.674487
0.840665
0.821114
0.826002
0.767351
0.664712
0.630499
0.596285
0.591398
0.547410
0.464321
0.449658
0.420332
0.386119
0.395894
0.395894
0.381232
0.376344
0.366569
0.395894
0.386119
0.376344
0.366569
0.356794
0.356794
0.361681
0.361681
0.371457
0.371457
0.371457
0.366569
0.361681
0.366569
0.361681
0.361681
0.361681
0.366569
0.356794
0.361681
0.361681
0.376344
0.410557
0.430108
0.405670
0.420332
0.400782
0.386119
0.474096
0.444770
0.434995
0.425220
0.420332
0.415445
0.405670
0.381232
0.420332
0.420332
0.420332
0.434995
0.400782
0.405670
0.391007
0.376344
0.371457
0.376344
0.366569
0.381232
0.395894
0.400782
0.391007
0.395894
0.386119
0.366569
0.386119
0.376344
0.371457
0.366569
0.371457
0.386119
0.381232
0.366569
0.386119
0.391007
0.386119
0.395894
0.381232
0.371457
0.395894
0.391007
0.410557
0.386119
0.381232
0.386119
0.366569
0.405670
0.391007
0.371457
0.395894
0.386119
0.376344
0.391007
0.381232
0.386119
0.376344
0.376344
0.391007
0.371457
0.395894
0.376344
0.376344
0.395894
0.381232
0.376344
0.400782
0.386119
0.420332
0.449658
0.571848
0.596285
0.855327
0.874878
1.006843
1.275660
1.373412
0.982405
0.752688
0.606061
0.532747
0.478983
0.483871
0.464321
0.483871
0.547410
0.508309
0.469208
0.425220
0.386119
0.381232
0.449658
0.420332
0.508309
0.610948
1.124145
1.260997
1.500489
2.409580
2.947214
1.940371
1.441838
0.899316
0.615836
0.522972
0.483871
0.464321
0.444770
0.576735
0.552297
0.474096
0.430108
0.395894
0.381232
0.415445
0.434995
0.395894
0.376344
0.518084
0.938416
0.933529
1.476051
1.402737
1.515152
1.432063
1.104594
0.992180
0.694037
0.557185
0.493646
0.434995
0.395894
0.483871
0.444770
0.474096
0.483871
0.444770
0.410557
0.386119
0.400782
0.415445
0.630499
0.708700
0.581623
0.620723
1.143695
1.436950
2.184751
3.186706
2.878788
1.979472
1.173021
0.762463
0.576735
0.478983
0.483871
0.474096
0.591398
0.552297
0.537634
0.503421
0.518084
0.488759
0.478983
0.532747
0.757576
0.806452
1.446725
1.578690
1.710655
4.765396
4.760508
4.760508
4.760508
4.760508
3.988270
2.297165
1.314761
0.869990
0.742913
0.625611
0.562072
0.542522
0.493646
0.474096
0.454545
0.410557
0.391007
0.444770
0.718475
1.197458
1.588465
1.270772
2.331378
4.540567
4.565005
3.323558
3.690127
2.458456
1.520039
0.987292
0.801564
0.698925
0.581623
0.503421
0.527859
0.527859
0.522972
0.562072
0.474096
0.410557
0.469208
0.659824
0.718475
0.723363
0.606061
0.821114
1.715543
1.427175
3.675464
4.105572
2.565982
1.935484
1.314761
0.884653
0.674487
0.537634
0.483871
0.459433
0.562072
0.562072
0.527859
0.449658
0.459433
0.410557
0.415445
0.518084
0.537634
0.889541
1.075269
0.987292
1.847507
3.587488
3.235582
2.209189
1.427175
0.909091
0.684262
0.576735
0.503421
0.513196
0.596285
0.650049
0.606061
0.586510
0.547410
0.459433
0.410557
0.439883
0.694037
0.821114
0.894428
1.138807
0.811339
1.114370
2.649071