0.596285
0.591398
0.591398
0.586510
0.591398
0.708700
0.581623
0.581623
0.581623
0.581623
0.591398
0.596285
0.596285
0.596285
0.591398
0.586510
0.591398
0.596285
0.596285
0.596285
0.601173
0.601173
0.601173
0.601173
0.596285
0.586510
0.596285
0.596285
0.615836
0.615836
0.694037
0.718475
0.713587
0.733138
0.718475
0.718475
0.718475
0.703812
0.733138
0.791789
0.767351
0.782014
0.782014
0.747801
0.723363
0.855327
0.913978
0.796676
0.806452
0.953079
1.280547
1.226784
1.031281
0.899316
0.840665
0.811339
0.752688
0.733138
0.728250
0.747801
1.041056
1.036168
0.894428
0.879765
1.045943
0.997067
1.036168
0.889541
0.904203
0.884653
0.830890
0.791789
0.816227
0.782014
0.777126
0.733138
0.928641
0.997067
0.938416
0.845552
0.943304
0.918866
0.869990
0.874878
0.772239
0.742913
0.718475
0.742913
0.757576
0.708700
0.728250
0.801564
0.772239
0.752688
0.738025
0.733138
0.718475
0.654936
0.689150
0.679374
0.733138
0.752688
0.728250
0.752688
0.747801
0.757576
0.752688
0.733138
0.762463
0.733138
0.738025
0.728250
0.728250
0.742913
0.752688
0.830890
0.860215
0.821114
0.791789
0.918866
1.070381
0.894428
0.957967
0.840665
0.806452
0.777126
0.816227
0.767351
0.718475
0.708700
0.689150
0.654936
0.659824
0.698925
0.723363
0.733138
0.698925
0.698925
0.703812
0.728250
0.703812
0.757576
0.782014
0.801564
0.767351
0.757576
0.835777
0.821114
0.772239
0.742913
0.777126
0.752688
0.777126
0.767351
0.718475
0.708700
0.747801
0.728250
0.733138
0.786901
0.723363
0.943304
0.904203
0.826002
0.796676
0.845552
0.762463
0.855327
0.816227
0.899316
0.865103
0.816227
0.840665
0.782014
0.747801
0.728250
0.733138
0.757576
0.757576
0.723363
0.777126
1.006843
1.119257
1.011730
1.001955
1.045943
0.913978
0.953079
1.045943
0.830890
0.816227
0.777126
0.708700
0.757576
0.728250
0.718475
0.698925
0.791789
0.782014
0.762463
0.757576
0.728250
0.791789
1.436950
1.495601
1.392962
1.104594
0.899316
1.168133
1.016618
0.918866
0.967742
0.835777
0.865103
0.801564
0.806452
0.767351
0.796676
0.782014
0.762463
0.738025
0.728250
0.762463
1.021505
1.324536
1.505376
1.138807
0.962854
0.850440
0.845552
0.923754
0.855327
0.884653
0.923754
0.811339
0.782014
0.782014
0.738025
0.733138
0.786901
0.742913
0.830890
1.383187
1.500489
1.221896
1.031281
0.938416
0.899316
0.879765
0.796676
0.821114
0.703812
0.708700
0.738025
0.747801
0.772239
0.801564
0.762463
0.733138
0.757576
1.099707
1.016618
1.510264
1.085044
0.953079
1.006843
0.865103
1.036168
1.060606
0.962854
0.845552
0.752688
0.747801
0.742913
0.708700
0.733138
0.728250
0.733138
0.689150
0.679374
0.850440
1.060606
0.997067
0.894428
0.777126
0.718475
0.850440
0.845552
0.821114
0.801564
0.772239
0.747801
0.733138
0.738025
0.713587
0.733138
0.791789
1.197458
1.158358
1.089932
0.943304
0.821114
0.874878
0.850440
0.913978
0.933529
0.879765
0.821114
0.801564
0.850440
0.791789
0.782014
0.860215
0.796676
0.767351
0.782014
0.772239
0.757576
0.733138
0.703812
0.698925
0.728250
1.744868
1.593353
1.397849
1.065494
0.982405
0.869990
0.845552
1.021505
0.913978
0.777126
0.767351
0.767351
0.742913
0.762463
0.762463
0.742913
0.747801
0.733138
0.703812
0.698925
0.757576
0.811339
0.782014
0.752688
0.752688
0.728250
0.723363
0.742913
0.728250
0.752688
0.879765
1.021505
0.909091
0.948192
0.860215
0.801564
0.772239
0.752688
0.728250
0.767351
0.713587
0.713587
0.708700
0.708700
0.689150
0.728250
0.708700
0.713587
0.723363
0.723363
0.742913
0.723363
1.060606
1.373412
1.246334
1.031281
0.884653
0.786901
0.777126
0.757576
0.786901
0.767351
0.826002
0.811339
0.796676
0.757576
0.738025
0.728250
0.703812
0.791789
0.757576
0.742913
0.738025
0.733138
0.723363
0.664712
0.694037
0.752688
0.752688
0.772239
0.762463
0.713587
0.738025
0.718475
0.747801
0.757576
0.723363
0.733138
0.782014
0.752688
0.747801
0.811339
0.923754
0.918866
0.772239
0.830890
0.816227
0.806452
0.821114
0.767351
0.772239
0.747801
0.826002
0.782014
0.723363
0.738025
0.747801
0.738025
0.723363
0.713587
0.752688
0.821114
0.806452
0.767351
0.762463
0.801564
0.884653
0.918866
0.884653
0.811339
0.762463
0.777126
0.752688
0.762463
0.713587
0.698925
0.694037
0.708700
0.698925
0.698925
0.664712
0.791789
1.070381
0.957967
0.835777
0.772239
0.777126
0.874878
0.889541
0.811339
0.747801
0.728250
0.689150
0.728250
0.752688
0.713587
0.728250
0.723363
0.757576
0.689150
0.703812
0.796676
0.791789
0.728250
0.738025
0.762463
0.767351
0.772239
0.708700
0.713587
0.747801
0.772239
0.767351
0.752688
0.742913
0.762463
0.782014
0.752688
0.786901
0.777126
0.816227
0.918866
1.016618
0.909091
0.850440
0.796676
0.762463
0.762463
0.767351
0.718475
0.757576
0.767351
0.752688
0.738025
0.718475
0.689150
0.713587
0.733138
0.723363
0.733138
0.772239
0.772239
0.708700
0.698925
0.733138
0.718475
0.713587
0.747801
0.718475
0.757576
0.786901
0.933529
1.231672
1.089932
0.997067
0.850440
0.816227
0.777126
0.811339
0.728250
0.742913
0.762463
0.811339
0.767351
0.752688
0.767351
0.708700
0.703812
0.757576
0.723363
0.703812
0.703812
0.757576
0.845552
0.928641
0.977517
0.913978
0.830890
0.796676
0.772239
0.806452
0.796676
0.738025
0.786901
0.718475
0.747801
0.757576
0.738025
0.738025
0.738025
0.708700
0.708700
0.777126
0.718475
0.747801
0.928641
0.855327
0.826002
0.786901
0.762463
0.723363
0.801564
0.767351
0.786901
0.782014
0.728250
0.708700
0.689150
0.694037
0.723363
0.723363
0.698925
0.698925
0.708700
0.738025
0.806452
0.835777
0.830890
0.772239
0.806452
0.801564
0.772239
0.772239
0.762463
0.718475
0.728250
0.782014
0.708700
0.689150
0.723363
0.728250
0.723363
0.723363
0.728250
0.767351
0.786901
0.777126
0.757576
0.767351
0.796676
0.757576
0.718475
0.757576
0.772239
0.742913
0.752688
0.777126
0.762463
0.718475
0.698925
0.762463
0.733138
0.738025
0.742913