
4.628543
4.628543
4.628543
4.628543
4.628543
4.628543
4.628543
4.628543
4.628543
4.628543
4.628543
4.628543
4.628543
4.623656
4.628543
4.628543
4.628543
4.628543
4.628543
4.628543
4.628543
4.628543
4.628543
4.628543
4.628543
4.628543
4.628543
4.623656
4.628543
4.633431
4.623656
4.628543
4.628543
4.628543
4.628543
4.628543
4.628543
4.628543
4.628543
4.628543
4.628543
4.628543
4.628543
4.628543
4.628543
4.628543
4.623656
4.628543
4.633431
4.623656
4.628543
4.628543
4.623656
4.628543
4.628543
4.628543
4.628543
4.628543
4.628543
4.628543
4.628543
4.628543
4.628543
4.628543
4.628543
4.628543
4.623656
4.628543
4.628543
4.628543
4.628543
4.628543
4.623656
4.623656
4.628543
4.628543
4.623656
4.623656
4.628543
4.628543
4.628543
4.628543
4.628543
4.628543
4.628543
4.628543
4.628543
4.628543
4.628543
4.628543
4.628543
4.628543
4.628543
4.628543
4.628543
4.628543
4.628543
4.628543
4.628543
4.623656
4.628543
4.628543
4.628543
4.628543
4.628543
4.628543
4.628543
4.633431
4.628543
4.628543
4.628543
4.628543
4.628543
4.628543
4.628543
4.628543
4.628543
4.628543
4.628543
4.628543
4.628543
4.628543
4.628543
4.628543
4.628543
4.623656
4.628543
4.628543
4.628543
4.643206
4.687195
4.755621
4.838710
4.843597
4.843597
4.843597
4.843597
4.843597
4.838710
4.838710
4.843597
4.838710
4.843597
4.843597
4.843597
4.843597
4.843597
4.843597
4.843597
4.843597
4.843597
4.843597
4.843597
4.843597
4.843597
4.701857
4.511241
4.310850
4.105572
3.851417
3.621701
3.479961
3.347996
3.220919
3.128055
3.103617
3.074291
3.035191
3.020528
3.020528
3.020528
3.020528
3.020528
3.035191
3.025415
3.025415
3.025415
3.025415
3.025415
3.025415
3.025415
3.025415
3.000978
2.869013
2.683284
2.468231
2.277615
2.096774
1.930596
1.764418
1.559140
1.407625
1.339198
1.324536
1.319648
1.319648
1.324536
1.324536
1.329423
1.329423
1.324536
1.324536
1.324536
1.324536
1.334311
4.853372
4.853372
4.853372
4.853372
4.853372
4.853372
4.853372
4.853372
4.853372
4.853372
4.858260
4.853372
4.858260
4.853372
4.853372
4.853372
4.853372
4.853372
4.853372
4.853372
4.853372
4.853372
4.853372
2.634409
2.634409
2.629521
4.853372
4.853372
4.853372
4.853372
4.853372
4.848485
4.853372
4.853372
4.848485
4.853372
4.853372
4.853372
4.848485
4.853372
4.853372
4.848485
4.853372
4.853372
4.853372
4.853372
4.853372
4.853372
4.853372
2.629521
2.629521
2.629521
2.634409
2.634409
2.634409
2.634409
2.639296
2.639296
2.639296
2.639296
2.644184
2.639296
2.639296
2.639296
2.634409
2.634409
2.634409
2.634409
2.639296
2.639296
2.639296
2.639296
2.639296
2.639296
2.639296
2.639296
2.639296
2.639296
2.639296
2.639296
2.639296
2.639296
2.639296
2.639296
2.639296
2.639296
2.639296
2.639296
2.639296
2.639296
2.639296
2.639296
2.639296
2.639296
2.639296
2.639296
2.639296
2.639296
2.639296
2.639296
2.639296
2.639296
2.639296
2.639296
2.639296
2.639296
2.639296
2.639296
2.639296
2.639296
2.639296
2.639296
2.639296
2.639296
2.639296
2.639296
2.639296
2.639296
2.639296
2.639296
2.639296
2.639296
2.678397
2.756598
2.864125
2.976540
3.079179
3.167155
3.245357
3.313783
3.377322
3.416422
3.421310
3.421310
3.421310
3.421310
3.421310
3.426197
3.426197
3.435973
3.431085
3.435973
3.435973
3.435973
3.435973
3.431085
3.431085
3.426197
3.426197
3.426197
3.426197
3.421310
3.401760
3.357771
3.328446
3.255132
3.201369
3.128055
3.030303
2.956989
2.873900
2.805474
2.741935
2.702835
2.697947
2.697947
2.697947
2.697947
2.697947
2.693060
2.693060
2.693060
2.693060
2.693060
2.693060
2.693060
2.693060
2.693060
2.697947
2.717498
2.727273
2.756598
2.781036
2.810362
2.849462
2.873900
2.908113
2.932551
2.961877
2.991202
3.025415
3.049853
3.054741
3.059629
3.054741
3.054741
3.054741
3.054741
3.054741
3.147605
3.059629
3.059629
3.059629
3.020528
2.981427
2.903226
2.829912
2.746823
2.658847
2.605083
2.541544
2.517107
2.507331
2.507331
2.507331
2.507331
2.507331
2.502444
2.502444
2.502444
2.502444
2.507331
2.536657
2.575758
2.605083
2.624633
2.644184
2.663734
2.673509
2.678397
2.678397
2.678397
2.678397
2.678397
2.678397
2.678397
2.678397
2.678397
2.678397
2.678397
2.678397
2.673509
2.678397
2.668622
2.644184
2.614858
2.570870
2.541544
2.526882
2.526882
2.526882
2.521994
2.512219
2.497556
2.492669
2.492669
2.492669
2.492669
2.497556
2.507331
2.521994
2.541544
2.561095
2.575758
2.585533
2.600196
2.629521
2.649071
2.673509
2.693060
2.697947
2.697947
2.697947
2.697947
2.697947
2.697947
2.697947
2.697947
2.697947
2.697947
2.697947
2.697947
2.697947
2.697947
2.697947
2.697947
2.697947
2.697947
2.697947
2.697947
2.697947
2.697947
2.697947
2.697947
2.697947
2.697947
2.697947
2.697947
2.697947
2.697947
2.697947
2.697947
2.697947
2.697947
2.697947
2.697947
2.697947
2.697947
2.697947
2.697947
2.697947
2.697947
2.697947
2.697947
2.697947
2.697947
2.697947
2.697947
2.697947
2.697947
2.697947
2.697947
2.697947
2.697947
2.697947
2.697947
2.697947
2.697947
2.697947
2.697947
2.697947
2.697947
2.697947
2.697947
2.697947
2.697947
2.697947
2.697947
2.697947
2.697947
2.697947
2.697947
2.697947
2.697947
2.697947
2.697947
2.697947
2.697947
2.697947
2.697947
2.697947
2.697947
2.697947
2.697947
2.697947
2.697947
2.697947
2.697947
2.697947
2.697947
2.697947
2.697947
2.697947
2.697947
2.697947
2.697947
2.697947
2.697947
2.697947
2.697947
2.697947
2.697947
2.697947
2.697947
2.697947
2.697947
2.697947
2.697947
2.697947
2.697947
2.697947
2.697947
2.697947
2.697947
2.697947
2.697947
2.697947
2.697947
2.697947
2.697947
2.697947
2.697947
2.697947
2.697947
2.697947
2.697947
2.697947
2.697947
2.697947
2.697947
2.697947
2.697947
2.697947
2.697947
2.697947
2.697947
2.697947
2.697947
2.697947
2.697947
2.697947
2.697947
2.697947
2.697947
2.697947
2.697947
2.697947
2.697947
2.697947
2.697947
2.697947
2.697947
2.697947
2.697947
2.697947
2.697947
2.697947
2.697947
2.697947
2.697947
2.697947
2.697947
2.697947
2.697947
2.697947
2.697947
2.697947
2.697947
2.697947
2.702835
2.707722
2.712610
2.712610
2.707722
2.707722
2.702835
2.702835
2.702835
2.702835
2.702835
2.702835
2.702835
2.702835
2.702835
2.702835
2.702835
2.702835
2.702835
2.702835
2.702835
2.702835
2.702835
2.702835
2.702835
2.702835
2.702835
2.702835
2.702835
2.702835
2.702835
2.702835
2.702835
2.702835
2.702835
2.702835
2.702835
2.702835
2.702835
2.702835
2.702835
2.702835
2.702835
2.702835
2.702835
2.702835
2.702835
2.702835
2.702835
2.702835
2.702835
2.702835
2.702835
2.702835
2.702835
2.702835
2.702835
2.702835
2.702835
2.702835
2.702835
2.702835
2.702835
2.702835
2.702835
2.702835
2.702835
2.702835
2.702835
2.707722
2.717498
2.737048
2.727273
2.722385
2.717498
2.717498
2.717498
2.717498
2.722385
2.717498
2.717498
2.712610
2.707722
2.712610
2.707722
2.702835
2.707722
2.707722
2.707722
2.707722
2.707722
2.707722
2.707722
2.707722
2.702835
2.707722
2.707722
2.712610
2.717498
2.727273
2.707722
2.702835
2.702835
2.702835
2.702835
2.702835
2.702835
2.702835
2.702835
2.702835
2.707722
2.707722
2.707722
2.707722
2.707722
2.707722
2.707722
2.707722
2.707722
2.707722
2.702835
2.707722
2.707722
2.707722
2.707722
2.707722
2.722385
2.722385
2.717498
2.717498
2.717498
2.717498
2.717498
2.722385
2.722385
2.722385
2.722385
2.717498
2.717498
2.717498
2.717498
2.717498
2.717498
2.717498
2.717498
2.717498
2.717498
2.717498
2.717498
2.717498
2.717498
2.717498
2.717498
2.717498
2.717498
2.717498
2.717498
2.717498
2.717498
2.717498
2.717498
2.717498
2.717498
2.717498
2.717498
2.717498
2.717498
2.717498
2.712610
2.717498
2.717498
2.717498
2.717498
2.717498
2.717498
2.717498
2.717498
2.717498
2.717498
2.717498
2.717498
2.717498
2.717498
2.717498
2.717498
2.717498
2.717498
2.717498
2.717498
2.717498
2.717498
2.712610
2.717498
2.712610
2.717498
2.717498
2.717498
2.717498
2.717498
2.717498
2.717498
2.712610
2.712610
2.712610
2.712610
2.712610
2.712610
2.717498
2.712610
2.717498
2.712610
2.717498
2.717498
2.712610
2.717498
2.712610
2.717498
2.717498
2.717498
2.712610
2.717498
2.717498
2.717498
2.717498
2.717498
2.717498
2.717498
2.717498
2.717498
2.717498
2.717498
2.717498
2.717498
2.717498
2.717498
2.717498
2.717498
2.717498
2.717498
2.717498
2.717498
2.717498
2.717498
2.717498
2.717498
2.717498
2.717498
2.717498
2.717498
2.717498
2.717498
2.717498
2.717498
2.717498
2.717498
2.717498
2.717498
2.717498
2.717498
2.717498
2.717498
2.717498
2.717498
2.717498
2.717498
2.717498
2.717498
2.717498
2.717498
2.717498
2.717498
2.717498
2.717498
2.717498
2.717498
2.717498
2.717498
2.717498
2.717498
2.717498
2.717498
2.717498
2.717498
2.717498
2.717498
2.717498
2.717498
2.717498
2.717498
2.717498
2.717498
2.717498
2.717498
2.717498
2.717498
2.717498
2.717498
2.717498
2.717498
2.717498
2.717498
2.717498
2.717498
2.717498
2.717498
2.717498
2.717498
2.717498
2.717498
2.717498
2.717498
2.717498
2.717498
2.717498
2.717498
2.717498
2.717498
2.717498
2.717498
2.717498
2.717498
2.717498
2.717498
2.717498
2.717498
2.717498
2.717498
2.717498
2.717498
2.717498
2.717498
2.717498
2.717498
2.717498
2.717498
2.717498
2.717498
2.717498
2.717498
2.717498
2.717498
2.717498
2.717498
2.717498
2.717498
2.717498
2.717498
2.717498
2.717498
2.717498
2.717498
2.717498
2.717498
2.717498
2.717498
2.717498
2.717498
2.717498
2.717498
2.717498
2.717498
2.717498
2.717498
2.717498
2.717498
2.717498
2.717498
2.717498
2.717498
2.717498
2.717498
2.717498
2.717498
2.717498
2.717498
2.712610
2.717498
2.712610
2.717498
2.717498
2.717498
2.717498
2.717498
2.717498
2.717498
2.717498
2.717498
2.717498
2.717498
2.717498
2.717498
2.717498
2.717498
2.717498
2.717498
2.717498
2.717498
2.717498
2.717498
2.717498
2.717498
2.717498
2.717498
2.717498
2.717498
2.717498
2.717498
2.717498
2.717498
2.717498
2.717498
2.717498
2.717498
2.717498
2.717498
2.717498
2.717498
2.717498
2.717498
2.717498
2.717498
2.717498
2.717498
2.717498
2.712610
2.717498
2.717498
2.717498
2.717498
2.717498
2.717498
2.717498
2.717498
2.717498
2.717498
2.717498
2.717498
2.717498
2.717498
2.712610
2.717498
2.717498
2.712610
2.717498
2.717498
2.717498
2.717498
2.717498
2.717498
2.717498
2.717498
2.717498
2.717498
2.712610
2.717498
2.717498
2.712610
2.717498
2.717498
2.712610
2.717498
2.717498
2.717498
2.717498
2.717498
2.712610
2.717498
2.717498
2.717498
2.712610
2.717498
2.717498
2.717498
2.717498
2.712610
2.712610
2.712610
2.712610
2.717498
2.717498
2.712610
2.717498
2.717498
2.712610
2.717498
2.717498
2.712610
2.712610
2.717498
2.712610
2.712610
2.712610
2.712610
2.712610
2.717498
2.712610
2.712610
2.712610
2.712610
2.712610
2.712610
2.712610
2.712610
2.712610
2.712610
2.712610
2.712610
2.712610
2.712610
2.717498
2.712610
2.712610
2.712610
2.717498
2.712610
2.717498
2.712610
2.717498
2.717498
2.712610
2.712610
2.712610
2.712610
2.712610
2.712610
2.712610
2.712610
2.712610
2.712610
2.712610
2.712610
2.712610
2.712610
2.712610
2.712610
2.712610
2.712610
2.717498
2.712610
2.712610
2.712610
2.712610
2.712610
2.712610
2.712610
2.712610
2.712610
2.712610
2.712610
2.712610
2.712610
2.712610
2.712610
2.712610
2.712610
2.712610
2.712610
2.712610
2.712610
2.712610
2.712610
2.712610
2.712610
2.712610
2.712610
2.712610
2.712610
2.712610
2.712610
2.712610
2.712610
2.712610
2.712610
2.712610
2.712610
2.712610
2.712610
2.712610
2.712610
2.712610
2.717498
2.712610
2.717498
2.712610
2.712610
2.712610
2.712610
2.712610
2.712610
2.712610
2.712610
2.712610
2.712610
2.712610
2.712610
2.712610
2.712610
2.712610
2.712610
2.712610
2.712610
2.717498
2.712610
2.712610
2.712610
2.712610
2.712610
2.712610
2.712610
2.712610
2.712610
2.712610
2.712610
2.712610
2.712610
2.712610
2.712610
2.712610
2.712610
2.712610
2.712610
2.712610
2.712610