0.571848
0.591398
0.586510
0.596285
0.596285
0.581623
0.586510
0.571848
0.581623
0.586510
0.576735
0.571848
0.576735
0.571848
0.566960
0.562072
0.566960
0.679374
0.694037
0.674487
0.654936
0.635386
0.620723
0.645161
0.615836
0.601173
0.591398
0.576735
0.576735
0.571848
0.566960
0.562072
0.576735
0.576735
0.562072
0.562072
0.571848
0.620723
0.684262
0.630499
0.557185
0.542522
0.615836
0.640274
0.767351
0.816227
0.742913
0.645161
0.659824
0.620723
0.650049
0.615836
0.615836
0.625611
0.615836
0.581623
0.581623
0.606061
0.581623
0.576735
0.596285
0.562072
0.581623
0.664712
0.640274
0.601173
0.576735
0.576735
0.625611
0.591398
0.615836
0.610948
0.571848
0.606061
0.645161
0.581623
0.576735
0.630499
0.640274
0.591398
0.645161
0.640274
0.596285
0.576735
0.581623
0.571848
0.689150
0.635386
0.869990
0.845552
0.757576
0.865103
0.708700
0.752688
0.767351
0.962854
0.845552
0.826002
0.733138
0.738025
0.801564
0.957967
1.099707
1.016618
0.982405
0.889541
1.075269
1.011730
0.874878
0.860215
0.909091
1.036168
1.011730
0.884653
0.723363
0.694037
0.786901
0.850440
0.894428
0.918866
0.913978
0.869990
1.001955
0.835777
0.918866
1.045943
0.938416
0.918866
0.953079
1.217009
1.099707
0.992180
1.109482
1.050831
1.089932
1.001955
1.133920
1.207234
1.280547
1.182796
1.300098
1.270772
1.080156
1.060606
1.290323
1.177908
1.158358
1.148583
1.075269
1.060606
0.957967
0.869990
0.865103
0.899316
0.874878
0.767351
0.826002
0.782014
0.874878
1.036168
0.869990
0.821114
0.904203
0.816227
0.850440
0.889541
0.821114
0.791789
0.918866
0.869990
0.786901
0.782014
0.835777
0.957967
0.928641
1.036168
1.124145
0.928641
0.948192
0.918866
1.094819
1.045943
1.280547
1.246334
1.319648
1.217009
1.114370
1.138807
1.148583
1.202346
1.236559
1.265885
1.031281
1.114370
1.173021
1.168133
1.177908
1.221896
1.138807
1.148583
1.143695
1.202346
0.972630
0.855327
0.865103
0.830890
0.811339
0.830890
0.982405
0.987292
0.933529
1.016618
0.972630
0.850440
0.811339
0.835777
0.855327
0.899316
0.830890
0.845552
0.977517
0.962854
0.904203
0.811339
0.713587
0.703812
0.742913
0.874878
0.791789
0.884653
0.806452
0.977517
0.938416
0.953079
0.860215
0.953079
0.977517
0.957967
1.177908
1.515152
1.373412
1.241447
1.217009
1.143695
1.050831
1.446725
1.397849
1.451613
1.055718
1.138807
1.207234
1.348974
1.251222
1.236559
1.055718
1.089932
1.006843
0.987292
0.987292
0.928641
0.772239
0.786901
0.918866
0.982405
0.835777
0.860215
0.850440
0.772239
0.782014
0.860215
0.948192
0.972630
0.845552
0.879765
0.904203
0.977517
0.982405
1.036168
1.060606
1.158358
1.133920
1.099707
1.041056
1.119257
1.050831
1.207234
1.070381
1.182796
1.114370
1.104594
1.260997
1.202346
1.202346
1.285435
1.319648
1.173021
1.099707
1.300098
1.344086
1.246334
1.265885
1.251222
1.324536
1.397849
1.339198
1.270772
1.163245
1.260997
1.510264
1.495601
1.417400
1.554252
1.515152
1.529814
1.163245
1.182796
1.221896
1.251222
1.085044
1.256109
1.246334
1.075269
1.109482
1.089932
0.913978
1.045943
1.031281
1.099707
1.119257
0.997067
1.001955
1.109482
1.070381
0.972630
1.001955
1.001955
0.889541
1.173021
1.280547
1.085044
1.016618
0.904203
0.845552
0.850440
0.840665
0.811339
0.899316
0.889541
0.962854
0.962854
1.011730
0.884653
0.953079
0.884653
0.977517
0.997067
1.045943
1.173021
1.207234
1.173021
1.412512
1.441838
1.544477
1.647116
1.461388
1.466276
1.280547
1.089932
1.050831
1.275660
1.383187
1.534702
1.392962
1.270772
1.392962
1.368524
1.270772
1.148583
1.138807
1.036168
0.909091
0.997067
1.207234
1.109482
1.041056
1.050831
1.055718
1.021505
0.987292
0.928641
0.943304
0.982405
0.933529
0.869990
0.928641
0.943304
0.967742
0.933529
0.923754
0.830890
0.703812
0.738025
0.703812
0.777126
0.796676
0.869990
0.840665
0.855327
0.826002
0.772239
0.635386
0.679374
0.830890
0.894428
0.977517
0.997067
0.855327
0.913978
0.997067
0.904203
1.001955
0.923754
0.997067
0.938416
1.158358
1.246334
1.417400
1.598240
1.368524
1.598240
1.529814
1.534702
1.676442
1.466276
1.412512
1.192571
1.089932
0.962854
0.923754
0.791789
1.045943
0.933529
1.001955
0.874878
0.909091
0.884653
0.997067
1.221896
1.050831
0.997067
1.109482
1.109482
1.143695
1.099707
1.231672
1.114370
0.977517
0.913978
1.143695
1.016618
1.041056
0.928641
1.119257
0.967742
0.918866
1.006843
1.075269
0.982405
0.953079
1.177908
1.436950
1.490714
1.285435
1.544477
1.397849
1.246334
1.642229
1.485826
1.314761
1.720430
1.388074
1.759531
1.573803
1.588465
1.813294
1.774194
1.744868
1.344086
1.207234
1.031281
1.138807
1.192571
0.987292
1.060606
1.055718
0.923754
0.904203
1.177908
1.041056
1.011730
0.948192
0.923754
0.967742
0.874878
0.835777
0.904203
0.821114
0.933529
0.860215
0.913978
0.889541
1.001955
0.904203
0.997067
0.899316
0.835777
0.894428
0.997067
1.256109
1.138807
1.041056
1.104594
1.158358
1.295210
1.045943
1.016618
1.011730
1.436950
1.627566
1.539589
1.392962
1.309873
1.363636
1.656891
1.524927
1.612903
1.627566
1.695992
1.495601
1.392962
1.397849
1.422287
1.500489
1.627566
1.925709
1.612903
1.622678
1.652004
1.647116
1.842620
1.456500
1.886608
1.637341
2.316716
1.901271
2.003910
2.277615
1.915934
2.091887
1.808407
2.174976
2.077224
1.827957
1.769306
1.710655
1.813294
1.915934
1.979472
1.964809
1.871945
1.984360
2.253177
2.277615
2.189638
2.321603
2.316716
1.999022
1.959922
2.018573
1.891496
1.524927
1.578690
1.485826
1.652004
1.564027
1.388074
1.099707
1.036168
1.070381
1.129032
1.124145
1.251222
1.085044
1.006843
0.933529
0.889541
0.957967
0.972630
1.031281
1.041056
1.055718
0.977517
1.031281
1.099707
1.099707
1.094819
0.913978
0.948192
0.977517
1.138807
1.168133
1.001955
1.036168
0.967742
0.850440
0.835777
0.884653
0.826002
0.821114
0.889541
0.850440
0.909091
0.987292
0.860215
0.913978
1.119257
1.089932
1.133920
1.094819
1.085044
1.119257
1.373412
1.388074
1.094819
1.344086
1.270772
1.309873
1.378299
1.109482
1.412512
1.446725
1.578690
1.485826
1.490714
1.500489
1.309873
1.119257
0.957967
1.065494
1.231672
1.026393
0.869990
0.904203
0.811339
0.654936
0.860215
0.811339
0.913978
0.913978
0.806452
0.713587
0.801564
0.659824
0.777126
0.762463
0.752688
0.713587
0.669599
0.694037
0.747801
0.821114
0.786901
0.684262
0.786901
0.899316
0.757576
0.791789
0.894428
0.806452
0.997067
0.972630
0.982405
1.055718
1.187683
1.163245
1.471163
1.265885
1.256109
1.490714
1.221896
1.231672
1.339198
1.432063
1.515152
1.392962
1.392962
1.241447
1.520039
1.798631
1.686217
1.388074
1.295210
1.124145
1.011730
0.918866
0.889541
1.080156
0.982405
1.070381
0.938416
0.826002
0.865103
0.816227
0.889541
0.957967
1.001955
0.791789
0.909091
0.762463
0.782014
0.782014
0.835777
0.884653
0.845552
0.830890
0.791789
0.972630
0.904203
0.923754
0.967742
1.153470
1.011730
1.182796
1.129032
0.987292
1.109482
1.221896
1.085044
1.148583
1.373412
1.339198
1.402737
1.417400
2.067449
2.028348
1.637341
1.803519
1.495601
1.964809
2.204301
2.253177
2.541544
2.795699
2.585533
2.204301
1.735093
1.427175
1.270772
1.114370
0.909091
1.363636
1.104594
1.129032
0.913978
0.933529
0.894428
0.997067
0.899316
0.987292
0.997067
0.884653
0.933529
0.879765
0.928641
1.016618
0.889541
0.850440
0.782014
0.782014
0.738025
0.733138
0.713587
0.772239
0.738025
0.806452
0.826002
1.065494
0.904203
0.840665
0.874878
0.997067
1.001955
1.016618
0.918866
1.089932
1.001955
0.972630
1.070381
1.207234
1.265885
1.397849
1.270772
1.441838
1.441838
1.480938
1.358749
1.612903
1.603128
1.559140
1.397849
1.436950
1.251222
1.260997
1.344086
1.168133
1.182796
0.967742
0.894428
0.835777
1.026393
0.904203
0.913978
0.962854
1.099707
0.943304
0.879765
1.031281
0.938416
0.889541
0.889541
0.830890
0.728250
0.816227
0.835777
0.889541
0.879765
0.962854
1.016618
0.948192
0.889541
0.904203
1.050831
1.119257
1.397849
1.476051
1.353861
1.295210
1.608016
1.524927
1.681329
2.047898
1.520039
1.480938
1.456500
1.436950
1.231672
1.412512
1.593353
1.739980
1.691105
1.432063
1.260997
1.163245
1.124145
1.065494
0.987292
1.461388
1.402737
1.114370
1.021505
1.011730
1.006843
1.099707
0.913978
0.997067
0.967742
0.865103
0.821114
0.767351
0.772239
0.957967
0.879765
0.796676
0.757576
0.762463
0.894428
0.816227
0.786901
0.786901
0.977517
0.982405
1.344086
1.177908
1.045943
1.060606
0.962854
0.943304
1.016618
1.031281
1.109482
1.133920
1.246334
1.270772
1.270772
1.485826
1.564027
1.339198
1.231672
1.319648
1.480938
1.554252
1.578690
1.446725
1.603128
1.275660
1.011730
0.972630
0.997067
1.070381
1.016618
0.845552
0.772239
0.659824
0.645161
0.845552
0.904203
0.874878
0.782014
0.723363
0.757576
0.772239
0.816227
0.865103
0.777126
0.733138
0.747801
0.782014
0.757576
0.786901
0.879765
0.860215
0.982405
0.977517
0.884653
0.909091
1.016618
0.997067
0.948192
0.967742
1.089932
1.065494
1.505376
1.363636
1.388074
1.304985
1.637341
2.399804
2.043011
1.827957
2.302053
1.818182
1.647116
1.661779
1.803519
1.451613
1.251222
1.319648
1.153470
1.275660
0.992180
1.085044
0.835777
0.923754
0.796676
0.801564
1.016618
0.923754
0.938416
0.777126
0.801564
0.738025
0.762463
0.713587
0.708700
0.703812
0.718475
0.728250
0.982405
0.972630
1.006843
0.811339
0.772239
0.811339
0.918866
1.138807
1.119257
1.094819
1.016618
1.050831
1.632454
1.950147
1.739980
1.573803
1.612903
1.652004
1.578690
1.749756
1.666667
1.881720
1.749756
1.392962
1.163245
1.280547
1.089932
0.899316
1.006843
1.041056
0.904203
0.806452
0.821114
0.855327
0.865103
0.933529
1.119257
1.226784
1.114370
1.011730
0.840665
0.826002
0.796676
0.791789
0.786901
0.826002
0.723363
0.679374
0.669599
0.835777
0.855327
0.884653
0.948192
0.928641
1.045943
0.977517
0.972630
0.918866
0.894428
0.860215
0.899316
1.085044
1.173021
1.358749
1.041056
1.011730
1.045943
1.158358
1.412512
1.534702
1.617791
1.710655
1.314761
1.510264
1.637341
1.705767
1.754643
1.617791
1.177908
1.173021
1.006843
1.045943
0.938416
0.928641
0.972630
1.075269
0.967742
0.982405
0.933529
1.094819
1.080156
0.982405
1.085044
0.923754
0.845552
0.923754
0.913978
0.811339
0.767351
0.811339
0.786901
0.767351
0.806452
0.767351
0.782014
0.767351
0.698925
0.840665
1.182796
0.962854
1.143695
1.006843
1.021505
1.192571
1.109482
1.490714
1.544477
1.471163
1.231672
1.177908
1.388074
1.642229
1.304985
1.451613
1.363636
1.549365
1.339198
1.515152
1.129032
1.031281
0.909091
1.138807
0.957967
0.933529
0.977517
0.918866
0.972630
0.840665
0.845552
0.884653
0.850440
0.869990
0.918866
1.133920
1.001955
0.909091
0.806452
0.703812
0.777126
0.723363
0.845552
0.943304
0.909091
0.928641
0.889541
0.904203
1.070381
1.148583
1.041056
1.109482
1.109482
1.104594
1.476051
1.564027
1.226784
1.251222
1.016618
0.967742
1.099707
1.603128
1.368524
1.207234
1.221896
1.246334
1.177908
1.427175
1.285435
1.065494
0.899316
0.918866
0.806452
0.977517
0.826002
1.060606
0.899316
0.904203
0.835777
0.865103
0.850440
0.874878
0.835777
0.845552